   57
gi|1427799 0.0000000 0.0833333 0.1666667 0.1666667 0.1166667 0.1666667 0.1000000 0.2000000 0.1000000 0.1833333 0.2000000 0.1666667 0.2500000 0.1833333 0.2833333 0.3500000 0.1833333 0.1666667 0.1166667 0.3833333 0.3166667 0.4166667 0.5666667 0.5666667 0.5166667 0.5166667 0.5833333 0.5166667 0.5333333 0.3833333 0.3833333 0.5333333 0.3833333 0.3833333 0.6000000 0.5833333 0.5833333 0.5833333 0.4333333 0.7500000 0.6833333 0.7000000 0.6666667 0.8333333 0.6666667 0.6833333 0.7000000 0.8666667 0.5500000 0.6500000 0.6666667 0.7000000 0.7000000 0.9166667 0.9166667 0.7666667 1.0000000
gi|4976778 0.0833333 0.0000000 0.0833333 0.0833333 0.0333333 0.0833333 0.0166667 0.1166667 0.0333333 0.1000000 0.1166667 0.0833333 0.1666667 0.1166667 0.2000000 0.3000000 0.1166667 0.0833333 0.1166667 0.4333333 0.2833333 0.4166667 0.5666667 0.5666667 0.5166667 0.5166667 0.5833333 0.5166667 0.5333333 0.3833333 0.3833333 0.5333333 0.3833333 0.3833333 0.6000000 0.5833333 0.5833333 0.5833333 0.4333333 0.7500000 0.6833333 0.7000000 0.6666667 0.8333333 0.6666667 0.6833333 0.7000000 0.8666667 0.5500000 0.6500000 0.6666667 0.7000000 0.7000000 0.9166667 0.9166667 0.7666667 1.0000000
gi|1381585 0.1666667 0.0833333 0.0000000 0.0000000 0.1166667 0.0833333 0.1000000 0.1666667 0.1166667 0.0166667 0.1666667 0.0000000 0.1166667 0.1333333 0.2000000 0.3000000 0.2000000 0.0000000 0.2000000 0.3833333 0.2000000 0.3666667 0.5166667 0.5166667 0.4666667 0.4666667 0.5333333 0.4666667 0.4833333 0.3000000 0.3000000 0.4833333 0.3000000 0.3000000 0.5500000 0.5333333 0.5333333 0.5333333 0.3500000 0.6666667 0.7666667 0.6500000 0.6166667 0.7833333 0.6166667 0.6833333 0.7000000 0.8166667 0.6333333 0.5666667 0.6166667 0.6833333 0.6833333 0.8666667 0.8666667 0.7666667 1.0000000
gi|4976759 0.1666667 0.0833333 0.0000000 0.0000000 0.1166667 0.0833333 0.1000000 0.1666667 0.1166667 0.0166667 0.1666667 0.0000000 0.1166667 0.1333333 0.2000000 0.3000000 0.2000000 0.0000000 0.2000000 0.3833333 0.2000000 0.3666667 0.5166667 0.5166667 0.4666667 0.4666667 0.5333333 0.4666667 0.4833333 0.3000000 0.3000000 0.4833333 0.3000000 0.3000000 0.5500000 0.5333333 0.5333333 0.5333333 0.3500000 0.6666667 0.7666667 0.6500000 0.6166667 0.7833333 0.6166667 0.6833333 0.7000000 0.8166667 0.6333333 0.5666667 0.6166667 0.6833333 0.6833333 0.8666667 0.8666667 0.7666667 1.0000000
gi|5021171 0.1166667 0.0333333 0.1166667 0.1166667 0.0000000 0.1166667 0.0333333 0.0833333 0.0500000 0.1166667 0.1166667 0.1166667 0.1666667 0.1333333 0.2000000 0.3000000 0.1333333 0.1166667 0.1333333 0.4333333 0.2833333 0.4166667 0.5666667 0.5666667 0.5166667 0.5166667 0.5833333 0.5166667 0.5333333 0.3833333 0.3833333 0.5333333 0.3833333 0.3833333 0.6000000 0.5833333 0.5833333 0.5833333 0.4000000 0.7500000 0.7000000 0.7000000 0.6666667 0.8333333 0.6666667 0.6833333 0.7000000 0.8666667 0.5666667 0.6500000 0.6666667 0.7000000 0.7000000 0.9166667 0.9166667 0.7666667 1.0000000
gi|1062516 0.1666667 0.0833333 0.0833333 0.0833333 0.1166667 0.0000000 0.1000000 0.1666667 0.1166667 0.1000000 0.1666667 0.0833333 0.1666667 0.1333333 0.2000000 0.2500000 0.2000000 0.0833333 0.2000000 0.4333333 0.2833333 0.4166667 0.5666667 0.5666667 0.5166667 0.5166667 0.5833333 0.5166667 0.5333333 0.3833333 0.3833333 0.5333333 0.3833333 0.3833333 0.6000000 0.5833333 0.5833333 0.5833333 0.4333333 0.7500000 0.7666667 0.7000000 0.6666667 0.8333333 0.6666667 0.6833333 0.7000000 0.8666667 0.6333333 0.6500000 0.6666667 0.7000000 0.7000000 0.9166667 0.9166667 0.7666667 1.0000000
gi|3891959 0.1000000 0.0166667 0.1000000 0.1000000 0.0333333 0.1000000 0.0000000 0.1166667 0.0169492 0.0847458 0.1166667 0.1000000 0.1666667 0.1016949 0.2000000 0.3000000 0.1016949 0.1000000 0.1016949 0.4237288 0.2833333 0.4067797 0.5666667 0.5666667 0.5166667 0.5166667 0.5833333 0.5084746 0.5333333 0.3728814 0.3728814 0.5333333 0.3728814 0.3728814 0.6000000 0.5833333 0.5833333 0.5762712 0.4237288 0.7457627 0.6779661 0.6949153 0.6610169 0.8305085 0.6610169 0.6779661 0.6949153 0.8644068 0.5423729 0.6440678 0.6610169 0.6949153 0.6949153 0.9152542 0.9152542 0.7627119 1.0000000
gi|5043250 0.2000000 0.1166667 0.1666667 0.1666667 0.0833333 0.1666667 0.1166667 0.0000000 0.1333333 0.1666667 0.0333333 0.1666667 0.1166667 0.2000000 0.1500000 0.2500000 0.2166667 0.1666667 0.2166667 0.4833333 0.3333333 0.3666667 0.5166667 0.5166667 0.4666667 0.4666667 0.5333333 0.4666667 0.4833333 0.4333333 0.4333333 0.4833333 0.4333333 0.4333333 0.5500000 0.5333333 0.5333333 0.5333333 0.4500000 0.8000000 0.7833333 0.6500000 0.6166667 0.7833333 0.6666667 0.6833333 0.7000000 0.8166667 0.6500000 0.6666667 0.6666667 0.7166667 0.7166667 0.8833333 0.8833333 0.7666667 1.0000000
gi|1578315 0.1000000 0.0333333 0.1166667 0.1166667 0.0500000 0.1166667 0.0169492 0.1333333 0.0000000 0.1016949 0.1333333 0.1166667 0.1833333 0.0862069 0.2166667 0.3166667 0.0862069 0.1166667 0.1016949 0.4237288 0.2833333 0.3965517 0.5666667 0.5666667 0.5166667 0.5166667 0.5833333 0.5000000 0.5333333 0.3728814 0.3728814 0.5333333 0.3620690 0.3620690 0.6000000 0.5833333 0.5833333 0.5689655 0.4137931 0.7413793 0.6724138 0.6896552 0.6551724 0.8275862 0.6551724 0.6724138 0.6896552 0.8620690 0.5344828 0.6379310 0.6610169 0.6949153 0.6949153 0.9137931 0.9137931 0.7586207 1.0000000
gi|5542098 0.1833333 0.1000000 0.0166667 0.0166667 0.1166667 0.1000000 0.0847458 0.1666667 0.1016949 0.0000000 0.1666667 0.0166667 0.1166667 0.1186441 0.2000000 0.3000000 0.1864407 0.0166667 0.1864407 0.3728814 0.2000000 0.3559322 0.5166667 0.5166667 0.4666667 0.4666667 0.5333333 0.4576271 0.4833333 0.2881356 0.2881356 0.4833333 0.2881356 0.2881356 0.5500000 0.5333333 0.5333333 0.5254237 0.3389831 0.6610169 0.7627119 0.6440678 0.6101695 0.7796610 0.6101695 0.6779661 0.6949153 0.8135593 0.6271186 0.5593220 0.6101695 0.6779661 0.6779661 0.8644068 0.8644068 0.7627119 1.0000000
gi|5027183 0.2000000 0.1166667 0.1666667 0.1666667 0.1166667 0.1666667 0.1166667 0.0333333 0.1333333 0.1666667 0.0000000 0.1666667 0.0833333 0.2000000 0.1166667 0.2500000 0.2166667 0.1666667 0.2166667 0.4833333 0.3000000 0.3666667 0.5166667 0.5166667 0.4666667 0.4666667 0.5333333 0.4666667 0.4833333 0.4333333 0.4333333 0.4833333 0.4333333 0.4333333 0.5500000 0.5333333 0.5333333 0.5333333 0.4833333 0.8000000 0.7833333 0.6500000 0.6166667 0.7833333 0.6666667 0.6833333 0.7000000 0.8166667 0.6500000 0.6666667 0.6666667 0.7166667 0.7166667 0.8833333 0.8833333 0.7666667 1.0000000
gi|1009083 0.1666667 0.0833333 0.0000000 0.0000000 0.1166667 0.0833333 0.1000000 0.1666667 0.1166667 0.0166667 0.1666667 0.0000000 0.1166667 0.1333333 0.2000000 0.3000000 0.2000000 0.0000000 0.2000000 0.3833333 0.2000000 0.3666667 0.5166667 0.5166667 0.4666667 0.4666667 0.5333333 0.4666667 0.4833333 0.3000000 0.3000000 0.4833333 0.3000000 0.3000000 0.5500000 0.5333333 0.5333333 0.5333333 0.3500000 0.6666667 0.7666667 0.6500000 0.6166667 0.7833333 0.6166667 0.6833333 0.7000000 0.8166667 0.6333333 0.5666667 0.6166667 0.6833333 0.6833333 0.8666667 0.8666667 0.7666667 1.0000000
gi|5021144 0.2500000 0.1666667 0.1166667 0.1166667 0.1666667 0.1666667 0.1666667 0.1166667 0.1833333 0.1166667 0.0833333 0.1166667 0.0000000 0.2000000 0.0833333 0.2500000 0.2666667 0.1166667 0.2666667 0.4666667 0.2500000 0.2833333 0.4333333 0.4333333 0.3833333 0.3833333 0.4500000 0.3833333 0.4000000 0.3833333 0.3833333 0.4000000 0.3833333 0.3833333 0.4666667 0.4500000 0.4500000 0.4500000 0.4333333 0.7500000 0.8333333 0.5666667 0.5333333 0.7000000 0.6166667 0.6833333 0.7000000 0.7333333 0.7000000 0.6166667 0.6166667 0.7166667 0.7166667 0.8000000 0.8000000 0.7666667 1.0000000
gi|1147936 0.1833333 0.1166667 0.1333333 0.1333333 0.1333333 0.1333333 0.1016949 0.2000000 0.0862069 0.1186441 0.2000000 0.1333333 0.2000000 0.0000000 0.2166667 0.3333333 0.1724138 0.1333333 0.1864407 0.4237288 0.3000000 0.4137931 0.5833333 0.5833333 0.5333333 0.5333333 0.6000000 0.5172414 0.5500000 0.3898305 0.3898305 0.5500000 0.3793103 0.3793103 0.6166667 0.6000000 0.6000000 0.5862069 0.4310345 0.7586207 0.7413793 0.7068966 0.6724138 0.8275862 0.6724138 0.6724138 0.6896552 0.8620690 0.6206897 0.6551724 0.6779661 0.6949153 0.6949153 0.9137931 0.9137931 0.7586207 1.0000000
gi|5053946 0.2833333 0.2000000 0.2000000 0.2000000 0.2000000 0.2000000 0.2000000 0.1500000 0.2166667 0.2000000 0.1166667 0.2000000 0.0833333 0.2166667 0.0000000 0.2833333 0.3000000 0.2000000 0.3000000 0.4833333 0.3333333 0.3666667 0.5166667 0.5166667 0.4666667 0.4666667 0.5333333 0.4666667 0.4833333 0.4666667 0.4666667 0.4833333 0.4666667 0.4666667 0.5500000 0.5333333 0.5333333 0.5333333 0.5166667 0.8333333 0.8333333 0.6500000 0.6166667 0.7500000 0.7000000 0.6833333 0.7000000 0.7833333 0.7333333 0.7000000 0.7000000 0.7166667 0.7166667 0.8500000 0.8500000 0.7666667 1.0000000
gi|1062516 0.3500000 0.3000000 0.3000000 0.3000000 0.3000000 0.2500000 0.3000000 0.2500000 0.3166667 0.3000000 0.2500000 0.3000000 0.2500000 0.3333333 0.2833333 0.0000000 0.4000000 0.3000000 0.3500000 0.4666667 0.4666667 0.4000000 0.4833333 0.4333333 0.4500000 0.4500000 0.5166667 0.4500000 0.4666667 0.4500000 0.4500000 0.4666667 0.4666667 0.4666667 0.5333333 0.5166667 0.5166667 0.5333333 0.5333333 0.8166667 0.8833333 0.6166667 0.6500000 0.7333333 0.6666667 0.6333333 0.7000000 0.7666667 0.7500000 0.7000000 0.6666667 0.7333333 0.7333333 0.8333333 0.8666667 0.7666667 1.0000000
gi|1578301 0.1833333 0.1166667 0.2000000 0.2000000 0.1333333 0.2000000 0.1016949 0.2166667 0.0862069 0.1864407 0.2166667 0.2000000 0.2666667 0.1724138 0.3000000 0.4000000 0.0000000 0.2000000 0.1864407 0.4915254 0.3500000 0.4827586 0.5833333 0.5666667 0.5333333 0.5333333 0.6000000 0.5172414 0.5500000 0.4406780 0.4406780 0.5500000 0.4310345 0.4310345 0.6166667 0.6000000 0.6000000 0.5862069 0.4827586 0.7586207 0.6724138 0.7068966 0.6724138 0.8275862 0.6724138 0.6896552 0.7068966 0.8620690 0.6206897 0.6551724 0.6779661 0.7118644 0.7118644 0.9137931 0.9137931 0.7586207 1.0000000
gi|1130619 0.1666667 0.0833333 0.0000000 0.0000000 0.1166667 0.0833333 0.1000000 0.1666667 0.1166667 0.0166667 0.1666667 0.0000000 0.1166667 0.1333333 0.2000000 0.3000000 0.2000000 0.0000000 0.2000000 0.3833333 0.2000000 0.3666667 0.5166667 0.5166667 0.4666667 0.4666667 0.5333333 0.4666667 0.4833333 0.3000000 0.3000000 0.4833333 0.3000000 0.3000000 0.5500000 0.5333333 0.5333333 0.5333333 0.3500000 0.6666667 0.7666667 0.6500000 0.6166667 0.7833333 0.6166667 0.6833333 0.7000000 0.8166667 0.6333333 0.5666667 0.6166667 0.6833333 0.6833333 0.8666667 0.8666667 0.7666667 1.0000000
gi|1094959 0.1166667 0.1166667 0.2000000 0.2000000 0.1333333 0.2000000 0.1016949 0.2166667 0.1016949 0.1864407 0.2166667 0.2000000 0.2666667 0.1864407 0.3000000 0.3500000 0.1864407 0.2000000 0.0000000 0.4237288 0.3333333 0.4067797 0.5666667 0.5666667 0.5166667 0.5166667 0.5833333 0.5084746 0.5333333 0.3728814 0.3728814 0.5333333 0.3728814 0.3728814 0.6000000 0.5833333 0.5833333 0.5762712 0.4237288 0.7457627 0.6949153 0.6949153 0.6610169 0.8305085 0.6610169 0.6779661 0.6949153 0.8644068 0.5423729 0.6440678 0.6610169 0.6949153 0.6949153 0.9152542 0.9152542 0.7627119 1.0000000
gi|1386577 0.3833333 0.4333333 0.3833333 0.3833333 0.4333333 0.4333333 0.4237288 0.4833333 0.4237288 0.3728814 0.4833333 0.3833333 0.4666667 0.4237288 0.4833333 0.4666667 0.4915254 0.3833333 0.4237288 0.0000000 0.2666667 0.5593220 0.4833333 0.4666667 0.3500000 0.3500000 0.4166667 0.3559322 0.3666667 0.2203390 0.3220339 0.3666667 0.2372881 0.2372881 0.4333333 0.4166667 0.4166667 0.4915254 0.3220339 0.6271186 0.8305085 0.6101695 0.5593220 0.7288136 0.5593220 0.5932203 0.6779661 0.7627119 0.7457627 0.5084746 0.5593220 0.5423729 0.5423729 0.7796610 0.8644068 0.7627119 1.0000000
gi|4992873 0.3166667 0.2833333 0.2000000 0.2000000 0.2833333 0.2833333 0.2833333 0.3333333 0.2833333 0.2000000 0.3000000 0.2000000 0.2500000 0.3000000 0.3333333 0.4666667 0.3500000 0.2000000 0.3333333 0.2666667 0.0000000 0.4833333 0.4000000 0.4500000 0.3500000 0.3500000 0.4166667 0.3500000 0.3666667 0.1833333 0.2833333 0.3666667 0.1833333 0.1833333 0.4333333 0.4166667 0.4166667 0.4166667 0.2333333 0.5500000 0.7833333 0.5333333 0.5000000 0.7666667 0.5000000 0.6666667 0.6833333 0.8000000 0.6833333 0.4500000 0.5000000 0.5666667 0.5666667 0.8166667 0.8500000 0.7666667 1.0000000
gi|9391519 0.4166667 0.4166667 0.3666667 0.3666667 0.4166667 0.4166667 0.4067797 0.3666667 0.3965517 0.3559322 0.3666667 0.3666667 0.2833333 0.4137931 0.3666667 0.4000000 0.4827586 0.3666667 0.4067797 0.5593220 0.4833333 0.0000000 0.5166667 0.5333333 0.4833333 0.4833333 0.4833333 0.4655172 0.4833333 0.4745763 0.4745763 0.4833333 0.4655172 0.4655172 0.5000000 0.4833333 0.4833333 0.5172414 0.5172414 0.6896552 0.8965517 0.6379310 0.6034483 0.7241379 0.5344828 0.7758621 0.7758621 0.7586207 0.7241379 0.5172414 0.5423729 0.6440678 0.6440678 0.8103448 0.8103448 0.7758621 1.0000000
gi|4995965 0.5666667 0.5666667 0.5166667 0.5166667 0.5666667 0.5666667 0.5666667 0.5166667 0.5666667 0.5166667 0.5166667 0.5166667 0.4333333 0.5833333 0.5166667 0.4833333 0.5833333 0.5166667 0.5666667 0.4833333 0.4000000 0.5166667 0.0000000 0.1666667 0.1833333 0.1833333 0.2666667 0.1833333 0.2666667 0.4000000 0.5000000 0.2666667 0.4000000 0.4000000 0.2666667 0.3166667 0.3166667 0.1000000 0.4500000 0.6166667 0.9000000 0.2833333 0.3666667 0.6833333 0.4500000 0.5500000 0.4500000 0.7166667 0.8666667 0.4500000 0.4500000 0.5500000 0.5500000 0.7166667 0.7833333 0.7833333 1.0000000
gi|5660469 0.5666667 0.5666667 0.5166667 0.5166667 0.5666667 0.5666667 0.5666667 0.5166667 0.5666667 0.5166667 0.5166667 0.5166667 0.4333333 0.5833333 0.5166667 0.4333333 0.5666667 0.5166667 0.5666667 0.4666667 0.4500000 0.5333333 0.1666667 0.0000000 0.1833333 0.1833333 0.2666667 0.1833333 0.2666667 0.4333333 0.4833333 0.2666667 0.4500000 0.4500000 0.2666667 0.3166667 0.3166667 0.2666667 0.5166667 0.7000000 0.8833333 0.3666667 0.4500000 0.6166667 0.5000000 0.5166667 0.5833333 0.6500000 0.8833333 0.5333333 0.5000000 0.6166667 0.6166667 0.6500000 0.7500000 0.7666667 1.0000000
gi|7353547 0.5166667 0.5166667 0.4666667 0.4666667 0.5166667 0.5166667 0.5166667 0.4666667 0.5166667 0.4666667 0.4666667 0.4666667 0.3833333 0.5333333 0.4666667 0.4500000 0.5333333 0.4666667 0.5166667 0.3500000 0.3500000 0.4833333 0.1833333 0.1833333 0.0000000 0.0000000 0.0833333 0.0500000 0.0833333 0.3166667 0.4166667 0.0833333 0.3333333 0.3333333 0.0833333 0.1333333 0.1333333 0.2000000 0.4166667 0.6000000 0.8833333 0.3666667 0.2833333 0.6000000 0.4000000 0.4500000 0.5500000 0.6333333 0.8333333 0.4000000 0.4000000 0.5166667 0.5166667 0.6166667 0.7333333 0.7666667 1.0000000
gi|4995962 0.5166667 0.5166667 0.4666667 0.4666667 0.5166667 0.5166667 0.5166667 0.4666667 0.5166667 0.4666667 0.4666667 0.4666667 0.3833333 0.5333333 0.4666667 0.4500000 0.5333333 0.4666667 0.5166667 0.3500000 0.3500000 0.4833333 0.1833333 0.1833333 0.0000000 0.0000000 0.0833333 0.0500000 0.0833333 0.3166667 0.4166667 0.0833333 0.3333333 0.3333333 0.0833333 0.1333333 0.1333333 0.2000000 0.4166667 0.6000000 0.8833333 0.3666667 0.2833333 0.6000000 0.4000000 0.4500000 0.5500000 0.6333333 0.8333333 0.4000000 0.4000000 0.5166667 0.5166667 0.6166667 0.7333333 0.7666667 1.0000000
gi|6168025 0.5833333 0.5833333 0.5333333 0.5333333 0.5833333 0.5833333 0.5833333 0.5333333 0.5833333 0.5333333 0.5333333 0.5333333 0.4500000 0.6000000 0.5333333 0.5166667 0.6000000 0.5333333 0.5833333 0.4166667 0.4166667 0.4833333 0.2666667 0.2666667 0.0833333 0.0833333 0.0000000 0.1333333 0.1333333 0.3833333 0.4833333 0.1333333 0.4000000 0.4000000 0.1166667 0.1333333 0.0833333 0.2833333 0.4833333 0.6000000 0.8833333 0.4500000 0.3666667 0.6000000 0.4166667 0.5333333 0.6333333 0.6333333 0.8500000 0.4166667 0.4166667 0.5333333 0.5333333 0.6166667 0.7333333 0.7666667 1.0000000
gi|1578337 0.5166667 0.5166667 0.4666667 0.4666667 0.5166667 0.5166667 0.5084746 0.4666667 0.5000000 0.4576271 0.4666667 0.4666667 0.3833333 0.5172414 0.4666667 0.4500000 0.5172414 0.4666667 0.5084746 0.3559322 0.3500000 0.4655172 0.1833333 0.1833333 0.0500000 0.0500000 0.1333333 0.0000000 0.1333333 0.3220339 0.4237288 0.1333333 0.3157895 0.3275862 0.1333333 0.1833333 0.1833333 0.1578947 0.3859649 0.5789474 0.8771930 0.3333333 0.2982456 0.5862069 0.3793103 0.4210526 0.5263158 0.6206897 0.8245614 0.3965517 0.3898305 0.5084746 0.5084746 0.5964912 0.7192982 0.7543860 1.0000000
gi|6168024 0.5333333 0.5333333 0.4833333 0.4833333 0.5333333 0.5333333 0.5333333 0.4833333 0.5333333 0.4833333 0.4833333 0.4833333 0.4000000 0.5500000 0.4833333 0.4666667 0.5500000 0.4833333 0.5333333 0.3666667 0.3666667 0.4833333 0.2666667 0.2666667 0.0833333 0.0833333 0.1333333 0.1333333 0.0000000 0.3333333 0.4333333 0.0833333 0.3500000 0.3500000 0.1666667 0.0833333 0.1333333 0.2833333 0.4333333 0.6166667 0.8833333 0.4500000 0.3666667 0.6000000 0.4666667 0.5333333 0.6333333 0.6333333 0.8500000 0.4666667 0.4666667 0.5833333 0.5833333 0.6166667 0.7333333 0.7666667 1.0000000
gi|5035429 0.3833333 0.3833333 0.3000000 0.3000000 0.3833333 0.3833333 0.3728814 0.4333333 0.3728814 0.2881356 0.4333333 0.3000000 0.3833333 0.3898305 0.4666667 0.4500000 0.4406780 0.3000000 0.3728814 0.2203390 0.1833333 0.4745763 0.4000000 0.4333333 0.3166667 0.3166667 0.3833333 0.3220339 0.3333333 0.0000000 0.1016949 0.3333333 0.1016949 0.1016949 0.4000000 0.3833333 0.3833333 0.4067797 0.2372881 0.5423729 0.8305085 0.5254237 0.4745763 0.7457627 0.3898305 0.6440678 0.6779661 0.7796610 0.6949153 0.3728814 0.3898305 0.5593220 0.5593220 0.7966102 0.8305085 0.7627119 1.0000000
gi|1386580 0.3833333 0.3833333 0.3000000 0.3000000 0.3833333 0.3833333 0.3728814 0.4333333 0.3728814 0.2881356 0.4333333 0.3000000 0.3833333 0.3898305 0.4666667 0.4500000 0.4406780 0.3000000 0.3728814 0.3220339 0.2833333 0.4745763 0.5000000 0.4833333 0.4166667 0.4166667 0.4833333 0.4237288 0.4333333 0.1016949 0.0000000 0.4333333 0.2033898 0.2033898 0.5000000 0.4833333 0.4833333 0.5084746 0.3389831 0.6440678 0.8305085 0.6271186 0.5762712 0.7627119 0.4915254 0.6610169 0.6949153 0.7966102 0.6949153 0.4745763 0.4915254 0.6610169 0.6610169 0.8474576 0.8474576 0.7627119 1.0000000
gi|6168025 0.5333333 0.5333333 0.4833333 0.4833333 0.5333333 0.5333333 0.5333333 0.4833333 0.5333333 0.4833333 0.4833333 0.4833333 0.4000000 0.5500000 0.4833333 0.4666667 0.5500000 0.4833333 0.5333333 0.3666667 0.3666667 0.4833333 0.2666667 0.2666667 0.0833333 0.0833333 0.1333333 0.1333333 0.0833333 0.3333333 0.4333333 0.0000000 0.3500000 0.3500000 0.1666667 0.1333333 0.0833333 0.2833333 0.4333333 0.6166667 0.8833333 0.4500000 0.3666667 0.6000000 0.4666667 0.5333333 0.6333333 0.6333333 0.8500000 0.4666667 0.4666667 0.5833333 0.5833333 0.6166667 0.7333333 0.7666667 1.0000000
gi|5035416 0.3833333 0.3833333 0.3000000 0.3000000 0.3833333 0.3833333 0.3728814 0.4333333 0.3620690 0.2881356 0.4333333 0.3000000 0.3833333 0.3793103 0.4666667 0.4666667 0.4310345 0.3000000 0.3728814 0.2372881 0.1833333 0.4655172 0.4000000 0.4500000 0.3333333 0.3333333 0.4000000 0.3157895 0.3500000 0.1016949 0.2033898 0.3500000 0.0000000 0.0517241 0.4166667 0.4000000 0.4000000 0.3750000 0.1964286 0.5178571 0.8245614 0.5000000 0.4464286 0.7586207 0.4827586 0.6428571 0.6607143 0.7931034 0.6785714 0.3620690 0.4915254 0.5593220 0.5593220 0.8070175 0.8421053 0.7142857 1.0000000
gi|5838482 0.3833333 0.3833333 0.3000000 0.3000000 0.3833333 0.3833333 0.3728814 0.4333333 0.3620690 0.2881356 0.4333333 0.3000000 0.3833333 0.3793103 0.4666667 0.4666667 0.4310345 0.3000000 0.3728814 0.2372881 0.1833333 0.4655172 0.4000000 0.4500000 0.3333333 0.3333333 0.4000000 0.3275862 0.3500000 0.1016949 0.2033898 0.3500000 0.0517241 0.0000000 0.4166667 0.4000000 0.4000000 0.3965517 0.2241379 0.5344828 0.8275862 0.5172414 0.4655172 0.7586207 0.4827586 0.6551724 0.6724138 0.7931034 0.6896552 0.3620690 0.4915254 0.5593220 0.5593220 0.8103448 0.8448276 0.7241379 1.0000000
gi|6168045 0.6000000 0.6000000 0.5500000 0.5500000 0.6000000 0.6000000 0.6000000 0.5500000 0.6000000 0.5500000 0.5500000 0.5500000 0.4666667 0.6166667 0.5500000 0.5333333 0.6166667 0.5500000 0.6000000 0.4333333 0.4333333 0.5000000 0.2666667 0.2666667 0.0833333 0.0833333 0.1166667 0.1333333 0.1666667 0.4000000 0.5000000 0.1666667 0.4166667 0.4166667 0.0000000 0.1666667 0.1666667 0.2833333 0.5000000 0.6166667 0.8833333 0.4500000 0.3666667 0.6333333 0.4000000 0.5166667 0.6166667 0.6666667 0.8333333 0.4000000 0.4000000 0.5166667 0.5166667 0.6166667 0.7333333 0.7666667 1.0000000
gi|6168024 0.5833333 0.5833333 0.5333333 0.5333333 0.5833333 0.5833333 0.5833333 0.5333333 0.5833333 0.5333333 0.5333333 0.5333333 0.4500000 0.6000000 0.5333333 0.5166667 0.6000000 0.5333333 0.5833333 0.4166667 0.4166667 0.4833333 0.3166667 0.3166667 0.1333333 0.1333333 0.1333333 0.1833333 0.0833333 0.3833333 0.4833333 0.1333333 0.4000000 0.4000000 0.1666667 0.0000000 0.1333333 0.3333333 0.4833333 0.6166667 0.8833333 0.5000000 0.4166667 0.6000000 0.4666667 0.5833333 0.6833333 0.6333333 0.8500000 0.4666667 0.4666667 0.5833333 0.5833333 0.6166667 0.7333333 0.7666667 1.0000000
gi|6168046 0.5833333 0.5833333 0.5333333 0.5333333 0.5833333 0.5833333 0.5833333 0.5333333 0.5833333 0.5333333 0.5333333 0.5333333 0.4500000 0.6000000 0.5333333 0.5166667 0.6000000 0.5333333 0.5833333 0.4166667 0.4166667 0.4833333 0.3166667 0.3166667 0.1333333 0.1333333 0.0833333 0.1833333 0.1333333 0.3833333 0.4833333 0.0833333 0.4000000 0.4000000 0.1666667 0.1333333 0.0000000 0.3333333 0.4833333 0.6166667 0.8833333 0.5000000 0.4166667 0.6000000 0.4666667 0.5833333 0.6833333 0.6333333 0.8500000 0.4666667 0.4666667 0.5833333 0.5833333 0.6166667 0.7333333 0.7666667 1.0000000
gi|1011529 0.5833333 0.5833333 0.5333333 0.5333333 0.5833333 0.5833333 0.5762712 0.5333333 0.5689655 0.5254237 0.5333333 0.5333333 0.4500000 0.5862069 0.5333333 0.5333333 0.5862069 0.5333333 0.5762712 0.4915254 0.4166667 0.5172414 0.1000000 0.2666667 0.2000000 0.2000000 0.2833333 0.1578947 0.2833333 0.4067797 0.5084746 0.2833333 0.3750000 0.3965517 0.2833333 0.3333333 0.3333333 0.0000000 0.4285714 0.6071429 0.8947368 0.3392857 0.3392857 0.6724138 0.4482759 0.5178571 0.4107143 0.7068966 0.8750000 0.4482759 0.4576271 0.5593220 0.5593220 0.7017544 0.7719298 0.7678571 1.0000000
gi|5035417 0.4333333 0.4333333 0.3500000 0.3500000 0.4000000 0.4333333 0.4237288 0.4500000 0.4137931 0.3389831 0.4833333 0.3500000 0.4333333 0.4310345 0.5166667 0.5333333 0.4827586 0.3500000 0.4237288 0.3220339 0.2333333 0.5172414 0.4500000 0.5166667 0.4166667 0.4166667 0.4833333 0.3859649 0.4333333 0.2372881 0.3389831 0.4333333 0.1964286 0.2241379 0.5000000 0.4833333 0.4833333 0.4285714 0.0000000 0.5090909 0.8947368 0.4166667 0.3750000 0.8275862 0.5517241 0.6666667 0.6666667 0.8448276 0.6041667 0.4827586 0.5593220 0.6271186 0.6271186 0.8771930 0.9122807 0.7916667 1.0000000
gi|1002166 0.7500000 0.7500000 0.6666667 0.6666667 0.7500000 0.7500000 0.7457627 0.8000000 0.7413793 0.6610169 0.8000000 0.6666667 0.7500000 0.7586207 0.8333333 0.8166667 0.7586207 0.6666667 0.7457627 0.6271186 0.5500000 0.6896552 0.6166667 0.7000000 0.6000000 0.6000000 0.6000000 0.5789474 0.6166667 0.5423729 0.6440678 0.6166667 0.5178571 0.5344828 0.6166667 0.6166667 0.6166667 0.6071429 0.5090909 0.0000000 0.9473684 0.5818182 0.5636364 0.8620690 0.5689655 0.8909091 0.8909091 0.8620690 0.8000000 0.5344828 0.5762712 0.6440678 0.6440678 0.8947368 0.9298246 0.9454545 1.0000000
gi|1227483 0.6833333 0.6833333 0.7666667 0.7666667 0.7000000 0.7666667 0.6779661 0.7833333 0.6724138 0.7627119 0.7833333 0.7666667 0.8333333 0.7413793 0.8333333 0.8833333 0.6724138 0.7666667 0.6949153 0.8305085 0.7833333 0.8965517 0.9000000 0.8833333 0.8833333 0.8833333 0.8833333 0.8771930 0.8833333 0.8305085 0.8305085 0.8833333 0.8245614 0.8275862 0.8833333 0.8833333 0.8833333 0.8947368 0.8947368 0.9473684 0.0000000 1.0000000 1.0000000 0.9137931 0.8793103 0.8771930 0.8947368 0.9482759 0.8421053 0.8793103 0.8813559 0.8644068 0.8644068 0.9122807 0.9122807 0.8771930 1.0000000
gi|1011534 0.7000000 0.7000000 0.6500000 0.6500000 0.7000000 0.7000000 0.6949153 0.6500000 0.6896552 0.6440678 0.6500000 0.6500000 0.5666667 0.7068966 0.6500000 0.6166667 0.7068966 0.6500000 0.6949153 0.6101695 0.5333333 0.6379310 0.2833333 0.3666667 0.3666667 0.3666667 0.4500000 0.3333333 0.4500000 0.5254237 0.6271186 0.4500000 0.5000000 0.5172414 0.4500000 0.5000000 0.5000000 0.3392857 0.4166667 0.5818182 1.0000000 0.0000000 0.1162791 0.7586207 0.5689655 0.6279070 0.6279070 0.7586207 0.8139535 0.5689655 0.5762712 0.6779661 0.6779661 0.8245614 0.8596491 0.8837209 1.0000000
gi|1011526 0.6666667 0.6666667 0.6166667 0.6166667 0.6666667 0.6666667 0.6610169 0.6166667 0.6551724 0.6101695 0.6166667 0.6166667 0.5333333 0.6724138 0.6166667 0.6500000 0.6724138 0.6166667 0.6610169 0.5593220 0.5000000 0.6034483 0.3666667 0.4500000 0.2833333 0.2833333 0.3666667 0.2982456 0.3666667 0.4745763 0.5762712 0.3666667 0.4464286 0.4655172 0.3666667 0.4166667 0.4166667 0.3392857 0.3750000 0.5636364 1.0000000 0.1162791 0.0000000 0.7586207 0.5517241 0.6279070 0.6279070 0.7586207 0.7674419 0.5172414 0.5593220 0.6610169 0.6610169 0.8245614 0.8596491 0.8837209 1.0000000
gi|6366656 0.8333333 0.8333333 0.7833333 0.7833333 0.8333333 0.8333333 0.8305085 0.7833333 0.8275862 0.7796610 0.7833333 0.7833333 0.7000000 0.8275862 0.7500000 0.7333333 0.8275862 0.7833333 0.8305085 0.7288136 0.7666667 0.7241379 0.6833333 0.6166667 0.6000000 0.6000000 0.6000000 0.5862069 0.6000000 0.7457627 0.7627119 0.6000000 0.7586207 0.7586207 0.6333333 0.6000000 0.6000000 0.6724138 0.8275862 0.8620690 0.9137931 0.7586207 0.7586207 0.0000000 0.8103448 0.6551724 0.7413793 0.5000000 0.9655172 0.8448276 0.8135593 0.8813559 0.8813559 0.7068966 0.7758621 0.8965517 1.0000000
gi|1188287 0.6666667 0.6666667 0.6166667 0.6166667 0.6666667 0.6666667 0.6610169 0.6666667 0.6551724 0.6101695 0.6666667 0.6166667 0.6166667 0.6724138 0.7000000 0.6666667 0.6724138 0.6166667 0.6610169 0.5593220 0.5000000 0.5344828 0.4500000 0.5000000 0.4000000 0.4000000 0.4166667 0.3793103 0.4666667 0.3898305 0.4915254 0.4666667 0.4827586 0.4827586 0.4000000 0.4666667 0.4666667 0.4482759 0.5517241 0.5689655 0.8793103 0.5689655 0.5517241 0.8103448 0.0000000 0.6379310 0.6724138 0.8448276 0.8965517 0.2758621 0.0677966 0.3559322 0.3559322 0.7931034 0.8275862 0.7586207 1.0000000
gi|1011526 0.6833333 0.6833333 0.6833333 0.6833333 0.6833333 0.6833333 0.6779661 0.6833333 0.6724138 0.6779661 0.6833333 0.6833333 0.6833333 0.6724138 0.6833333 0.6333333 0.6896552 0.6833333 0.6779661 0.5932203 0.6666667 0.7758621 0.5500000 0.5166667 0.4500000 0.4500000 0.5333333 0.4210526 0.5333333 0.6440678 0.6610169 0.5333333 0.6428571 0.6551724 0.5166667 0.5833333 0.5833333 0.5178571 0.6666667 0.8909091 0.8771930 0.6279070 0.6279070 0.6551724 0.6379310 0.0000000 0.1463415 0.6896552 0.9512195 0.6724138 0.6440678 0.6610169 0.6610169 0.7719298 0.8596491 0.6829268 1.0000000
gi|1011534 0.7000000 0.7000000 0.7000000 0.7000000 0.7000000 0.7000000 0.6949153 0.7000000 0.6896552 0.6949153 0.7000000 0.7000000 0.7000000 0.6896552 0.7000000 0.7000000 0.7068966 0.7000000 0.6949153 0.6779661 0.6833333 0.7758621 0.4500000 0.5833333 0.5500000 0.5500000 0.6333333 0.5263158 0.6333333 0.6779661 0.6949153 0.6333333 0.6607143 0.6724138 0.6166667 0.6833333 0.6833333 0.4107143 0.6666667 0.8909091 0.8947368 0.6279070 0.6279070 0.7413793 0.6724138 0.1463415 0.0000000 0.7758621 0.9512195 0.6724138 0.6779661 0.6779661 0.6779661 0.8771930 0.9122807 0.7073171 1.0000000
gi|6366656 0.8666667 0.8666667 0.8166667 0.8166667 0.8666667 0.8666667 0.8644068 0.8166667 0.8620690 0.8135593 0.8166667 0.8166667 0.7333333 0.8620690 0.7833333 0.7666667 0.8620690 0.8166667 0.8644068 0.7627119 0.8000000 0.7586207 0.7166667 0.6500000 0.6333333 0.6333333 0.6333333 0.6206897 0.6333333 0.7796610 0.7966102 0.6333333 0.7931034 0.7931034 0.6666667 0.6333333 0.6333333 0.7068966 0.8448276 0.8620690 0.9482759 0.7586207 0.7586207 0.5000000 0.8448276 0.6896552 0.7758621 0.0000000 0.9655172 0.8793103 0.8474576 0.9152542 0.9152542 0.7413793 0.8103448 0.9310345 1.0000000
gi|913749| 0.5500000 0.5500000 0.6333333 0.6333333 0.5666667 0.6333333 0.5423729 0.6500000 0.5344828 0.6271186 0.6500000 0.6333333 0.7000000 0.6206897 0.7333333 0.7500000 0.6206897 0.6333333 0.5423729 0.7457627 0.6833333 0.7241379 0.8666667 0.8833333 0.8333333 0.8333333 0.8500000 0.8245614 0.8500000 0.6949153 0.6949153 0.8500000 0.6785714 0.6896552 0.8333333 0.8500000 0.8500000 0.8750000 0.6041667 0.8000000 0.8421053 0.8139535 0.7674419 0.9655172 0.8965517 0.9512195 0.9512195 0.9655172 0.0000000 0.8620690 0.8983051 0.9322034 0.9322034 1.0000000 1.0000000 1.0000000 1.0000000
gi|8511881 0.6500000 0.6500000 0.5666667 0.5666667 0.6500000 0.6500000 0.6440678 0.6666667 0.6379310 0.5593220 0.6666667 0.5666667 0.6166667 0.6551724 0.7000000 0.7000000 0.6551724 0.5666667 0.6440678 0.5084746 0.4500000 0.5172414 0.4500000 0.5333333 0.4000000 0.4000000 0.4166667 0.3965517 0.4666667 0.3728814 0.4745763 0.4666667 0.3620690 0.3620690 0.4000000 0.4666667 0.4666667 0.4482759 0.4827586 0.5344828 0.8793103 0.5689655 0.5172414 0.8448276 0.2758621 0.6724138 0.6724138 0.8793103 0.8620690 0.0000000 0.2881356 0.3220339 0.3220339 0.8275862 0.8620690 0.7758621 1.0000000
gi|1188286 0.6666667 0.6666667 0.6166667 0.6166667 0.6666667 0.6666667 0.6610169 0.6666667 0.6610169 0.6101695 0.6666667 0.6166667 0.6166667 0.6779661 0.7000000 0.6666667 0.6779661 0.6166667 0.6610169 0.5593220 0.5000000 0.5423729 0.4500000 0.5000000 0.4000000 0.4000000 0.4166667 0.3898305 0.4666667 0.3898305 0.4915254 0.4666667 0.4915254 0.4915254 0.4000000 0.4666667 0.4666667 0.4576271 0.5593220 0.5762712 0.8813559 0.5762712 0.5593220 0.8135593 0.0677966 0.6440678 0.6779661 0.8474576 0.8983051 0.2881356 0.0000000 0.2881356 0.2881356 0.7966102 0.8305085 0.7627119 1.0000000
gi|4963623 0.7000000 0.7000000 0.6833333 0.6833333 0.7000000 0.7000000 0.6949153 0.7166667 0.6949153 0.6779661 0.7166667 0.6833333 0.7166667 0.6949153 0.7166667 0.7333333 0.7118644 0.6833333 0.6949153 0.5423729 0.5666667 0.6440678 0.5500000 0.6166667 0.5166667 0.5166667 0.5333333 0.5084746 0.5833333 0.5593220 0.6610169 0.5833333 0.5593220 0.5593220 0.5166667 0.5833333 0.5833333 0.5593220 0.6271186 0.6440678 0.8644068 0.6779661 0.6610169 0.8813559 0.3559322 0.6610169 0.6779661 0.9152542 0.9322034 0.3220339 0.2881356 0.0000000 0.0847458 0.8644068 0.8983051 0.7627119 1.0000000
gi|5035033 0.7000000 0.7000000 0.6833333 0.6833333 0.7000000 0.7000000 0.6949153 0.7166667 0.6949153 0.6779661 0.7166667 0.6833333 0.7166667 0.6949153 0.7166667 0.7333333 0.7118644 0.6833333 0.6949153 0.5423729 0.5666667 0.6440678 0.5500000 0.6166667 0.5166667 0.5166667 0.5333333 0.5084746 0.5833333 0.5593220 0.6610169 0.5833333 0.5593220 0.5593220 0.5166667 0.5833333 0.5833333 0.5593220 0.6271186 0.6440678 0.8644068 0.6779661 0.6610169 0.8813559 0.3559322 0.6610169 0.6779661 0.9152542 0.9322034 0.3220339 0.2881356 0.0847458 0.0000000 0.8644068 0.8983051 0.7627119 1.0000000
gi|6366656 0.9166667 0.9166667 0.8666667 0.8666667 0.9166667 0.9166667 0.9152542 0.8833333 0.9137931 0.8644068 0.8833333 0.8666667 0.8000000 0.9137931 0.8500000 0.8333333 0.9137931 0.8666667 0.9152542 0.7796610 0.8166667 0.8103448 0.7166667 0.6500000 0.6166667 0.6166667 0.6166667 0.5964912 0.6166667 0.7966102 0.8474576 0.6166667 0.8070175 0.8103448 0.6166667 0.6166667 0.6166667 0.7017544 0.8771930 0.8947368 0.9122807 0.8245614 0.8245614 0.7068966 0.7931034 0.7719298 0.8771930 0.7413793 1.0000000 0.8275862 0.7966102 0.8644068 0.8644068 0.0000000 0.7017544 0.9122807 1.0000000
gi|3399611 0.9166667 0.9166667 0.8666667 0.8666667 0.9166667 0.9166667 0.9152542 0.8833333 0.9137931 0.8644068 0.8833333 0.8666667 0.8000000 0.9137931 0.8500000 0.8666667 0.9137931 0.8666667 0.9152542 0.8644068 0.8500000 0.8103448 0.7833333 0.7500000 0.7333333 0.7333333 0.7333333 0.7192982 0.7333333 0.8305085 0.8474576 0.7333333 0.8421053 0.8448276 0.7333333 0.7333333 0.7333333 0.7719298 0.9122807 0.9298246 0.9122807 0.8596491 0.8596491 0.7758621 0.8275862 0.8596491 0.9122807 0.8103448 1.0000000 0.8620690 0.8305085 0.8983051 0.8983051 0.7017544 0.0000000 0.9122807 1.0000000
gi|5838477 0.7666667 0.7666667 0.7666667 0.7666667 0.7666667 0.7666667 0.7627119 0.7666667 0.7586207 0.7627119 0.7666667 0.7666667 0.7666667 0.7586207 0.7666667 0.7666667 0.7586207 0.7666667 0.7627119 0.7627119 0.7666667 0.7758621 0.7833333 0.7666667 0.7666667 0.7666667 0.7666667 0.7543860 0.7666667 0.7627119 0.7627119 0.7666667 0.7142857 0.7241379 0.7666667 0.7666667 0.7666667 0.7678571 0.7916667 0.9454545 0.8771930 0.8837209 0.8837209 0.8965517 0.7586207 0.6829268 0.7073171 0.9310345 1.0000000 0.7758621 0.7627119 0.7627119 0.7627119 0.9122807 0.9122807 0.0000000 1.0000000
gi|1062630 1.0000000 1.0000000 1.0000000 1.0000000 1.0000000 1.0000000 1.0000000 1.0000000 1.0000000 1.0000000 1.0000000 1.0000000 1.0000000 1.0000000 1.0000000 1.0000000 1.0000000 1.0000000 1.0000000 1.0000000 1.0000000 1.0000000 1.0000000 1.0000000 1.0000000 1.0000000 1.0000000 1.0000000 1.0000000 1.0000000 1.0000000 1.0000000 1.0000000 1.0000000 1.0000000 1.0000000 1.0000000 1.0000000 1.0000000 1.0000000 1.0000000 1.0000000 1.0000000 1.0000000 1.0000000 1.0000000 1.0000000 1.0000000 1.0000000 1.0000000 1.0000000 1.0000000 1.0000000 1.0000000 1.0000000 1.0000000 0.0000000
