   57
gi|1427799 0.0000000 0.1290323 0.2000000 0.2000000 0.1311475 0.2000000 0.1147541 0.1803279 0.1147541 0.1833333 0.1803279 0.2000000 0.2333333 0.2000000 0.2333333 0.2666667 0.1500000 0.2000000 0.1333333 0.2786885 0.2580645 0.3000000 0.3870968 0.4098361 0.3709677 0.3709677 0.4032258 0.3666667 0.3870968 0.3000000 0.3000000 0.3809524 0.3000000 0.2903226 0.4098361 0.4032258 0.3968254 0.3833333 0.3000000 0.4333333 0.4333333 0.4500000 0.4166667 0.5322581 0.4166667 0.4500000 0.4500000 0.5322581 0.3833333 0.4098361 0.4333333 0.4193548 0.4193548 0.5573770 0.5645161 0.6000000 0.5666667
gi|4976778 0.1290323 0.0000000 0.1612903 0.1612903 0.0806452 0.1451613 0.0645161 0.1290323 0.0645161 0.1451613 0.1290323 0.1612903 0.1935484 0.1451613 0.1935484 0.2258065 0.1290323 0.1612903 0.1451613 0.3064516 0.2258065 0.2903226 0.3548387 0.3870968 0.3387097 0.3387097 0.3709677 0.3548387 0.3387097 0.3064516 0.3064516 0.3333333 0.3064516 0.2741935 0.3870968 0.3709677 0.3650794 0.3870968 0.3064516 0.4354839 0.4193548 0.4354839 0.4032258 0.5000000 0.4032258 0.4354839 0.4354839 0.5000000 0.3709677 0.3870968 0.4354839 0.4032258 0.4032258 0.5322581 0.5161290 0.5806452 0.5806452
gi|1381585 0.2000000 0.1612903 0.0000000 0.1016949 0.1475410 0.1525424 0.1311475 0.1803279 0.1311475 0.0847458 0.1803279 0.1016949 0.1525424 0.1525424 0.2033898 0.2500000 0.2000000 0.1016949 0.1864407 0.3114754 0.2258065 0.2711864 0.3709677 0.3770492 0.3548387 0.3548387 0.3870968 0.3500000 0.3709677 0.2833333 0.2833333 0.3650794 0.2711864 0.2741935 0.3934426 0.3870968 0.3968254 0.3728814 0.2711864 0.4333333 0.4745763 0.4237288 0.3898305 0.5322581 0.4000000 0.4576271 0.4576271 0.5322581 0.4237288 0.3770492 0.4333333 0.4354839 0.4354839 0.5573770 0.5645161 0.5932203 0.5762712
gi|4976759 0.2000000 0.1612903 0.1016949 0.0000000 0.1475410 0.1525424 0.1311475 0.1803279 0.1311475 0.0847458 0.1803279 0.1016949 0.1525424 0.1525424 0.2033898 0.2500000 0.2000000 0.1016949 0.1864407 0.3114754 0.2258065 0.2711864 0.3709677 0.3770492 0.3548387 0.3548387 0.3870968 0.3500000 0.3709677 0.2833333 0.2833333 0.3650794 0.2711864 0.2741935 0.3934426 0.3870968 0.3968254 0.3728814 0.2711864 0.4333333 0.4745763 0.4237288 0.3898305 0.5322581 0.4000000 0.4576271 0.4576271 0.5322581 0.4237288 0.3770492 0.4333333 0.4354839 0.4354839 0.5573770 0.5645161 0.5932203 0.5762712
gi|5021171 0.1311475 0.0806452 0.1475410 0.1475410 0.0000000 0.1639344 0.0655738 0.1147541 0.0655738 0.1475410 0.1311475 0.1639344 0.1803279 0.1475410 0.1967213 0.2295082 0.1311475 0.1639344 0.1475410 0.3114754 0.2419355 0.2950820 0.3709677 0.3934426 0.3548387 0.3548387 0.3870968 0.3606557 0.3548387 0.2950820 0.3114754 0.3492063 0.2950820 0.2903226 0.3934426 0.3870968 0.3809524 0.3934426 0.2950820 0.4426230 0.4262295 0.4426230 0.4098361 0.5161290 0.4098361 0.4426230 0.4426230 0.5161290 0.3934426 0.3770492 0.4426230 0.4193548 0.4193548 0.5409836 0.5483871 0.5901639 0.5901639
gi|1062516 0.2000000 0.1451613 0.1525424 0.1525424 0.1639344 0.0000000 0.1311475 0.1803279 0.1311475 0.1355932 0.1803279 0.1525424 0.1864407 0.1525424 0.1864407 0.2333333 0.1833333 0.1525424 0.1864407 0.3278689 0.2741935 0.2881356 0.4032258 0.4098361 0.3709677 0.3709677 0.4193548 0.3833333 0.3870968 0.3333333 0.3333333 0.3968254 0.3050847 0.3064516 0.4262295 0.4193548 0.4126984 0.4067797 0.3050847 0.4500000 0.4745763 0.4576271 0.4237288 0.5483871 0.4333333 0.4576271 0.4576271 0.5645161 0.4237288 0.4262295 0.4500000 0.4354839 0.4354839 0.5901639 0.5806452 0.5932203 0.5762712
gi|3891959 0.1147541 0.0645161 0.1311475 0.1311475 0.0655738 0.1311475 0.0000000 0.1147541 0.0655738 0.1475410 0.1147541 0.1639344 0.1803279 0.1475410 0.1967213 0.2295082 0.1311475 0.1639344 0.1475410 0.2950820 0.2419355 0.2786885 0.3709677 0.3770492 0.3387097 0.3387097 0.3709677 0.3606557 0.3548387 0.2950820 0.2950820 0.3492063 0.2950820 0.2741935 0.3770492 0.3870968 0.3809524 0.3770492 0.2950820 0.4262295 0.4262295 0.4262295 0.3934426 0.5161290 0.3934426 0.4262295 0.4426230 0.5161290 0.3770492 0.3770492 0.4262295 0.4193548 0.4193548 0.5409836 0.5322581 0.5901639 0.5901639
gi|5043250 0.1803279 0.1290323 0.1803279 0.1803279 0.1147541 0.1803279 0.1147541 0.0000000 0.1147541 0.1803279 0.0819672 0.1803279 0.1639344 0.1803279 0.1639344 0.2131148 0.1639344 0.1803279 0.1967213 0.3114754 0.2741935 0.2459016 0.3548387 0.3606557 0.3225806 0.3225806 0.3548387 0.3442623 0.3387097 0.3114754 0.3114754 0.3333333 0.3114754 0.3064516 0.3606557 0.3548387 0.3492063 0.3606557 0.3114754 0.4590164 0.4754098 0.4262295 0.3934426 0.5161290 0.4098361 0.4426230 0.4426230 0.5000000 0.4098361 0.4262295 0.4262295 0.4354839 0.4354839 0.5245902 0.5322581 0.5901639 0.5901639
gi|1578315 0.1147541 0.0645161 0.1311475 0.1311475 0.0655738 0.1311475 0.0655738 0.1147541 0.0000000 0.1475410 0.1147541 0.1639344 0.1803279 0.1311475 0.1967213 0.2295082 0.1147541 0.1639344 0.1475410 0.2950820 0.2419355 0.2786885 0.3548387 0.3770492 0.3387097 0.3387097 0.3709677 0.3442623 0.3548387 0.2786885 0.2786885 0.3492063 0.2786885 0.2580645 0.3770492 0.3709677 0.3650794 0.3770492 0.2950820 0.4262295 0.4262295 0.4262295 0.3934426 0.4677419 0.3934426 0.4262295 0.4426230 0.4838710 0.3770492 0.3606557 0.4098361 0.3709677 0.3709677 0.5245902 0.5322581 0.5737705 0.5737705
gi|5542098 0.1833333 0.1451613 0.0847458 0.0847458 0.1475410 0.1355932 0.1475410 0.1803279 0.1475410 0.0000000 0.1639344 0.1016949 0.1525424 0.1525424 0.1864407 0.2333333 0.2000000 0.1016949 0.1864407 0.2950820 0.2096774 0.2711864 0.3709677 0.3770492 0.3548387 0.3548387 0.3870968 0.3500000 0.3548387 0.2666667 0.2833333 0.3492063 0.2542373 0.2580645 0.3770492 0.3870968 0.3809524 0.3559322 0.2542373 0.4166667 0.4576271 0.4237288 0.3898305 0.5322581 0.3833333 0.4406780 0.4576271 0.5161290 0.4237288 0.3606557 0.4166667 0.4354839 0.4354839 0.5573770 0.5483871 0.5762712 0.5762712
gi|5027183 0.1803279 0.1290323 0.1803279 0.1803279 0.1311475 0.1803279 0.1147541 0.0819672 0.1147541 0.1639344 0.0000000 0.1967213 0.1475410 0.1803279 0.1639344 0.2131148 0.1639344 0.1967213 0.1967213 0.3114754 0.2580645 0.2459016 0.3548387 0.3606557 0.3225806 0.3225806 0.3548387 0.3442623 0.3387097 0.3114754 0.3114754 0.3333333 0.3114754 0.3064516 0.3606557 0.3548387 0.3492063 0.3606557 0.3278689 0.4590164 0.4754098 0.4262295 0.3934426 0.5161290 0.4098361 0.4426230 0.4426230 0.5000000 0.4098361 0.4426230 0.4262295 0.4516129 0.4354839 0.5245902 0.5322581 0.5901639 0.5901639
gi|1009083 0.2000000 0.1612903 0.1016949 0.1016949 0.1639344 0.1525424 0.1639344 0.1803279 0.1639344 0.1016949 0.1967213 0.0000000 0.1525424 0.1525424 0.2033898 0.2500000 0.2000000 0.1016949 0.1864407 0.3114754 0.2258065 0.2711864 0.3709677 0.3770492 0.3548387 0.3548387 0.3870968 0.3500000 0.3709677 0.2833333 0.2833333 0.3650794 0.2711864 0.2741935 0.3934426 0.3870968 0.3968254 0.3728814 0.2711864 0.4333333 0.4745763 0.4237288 0.3898305 0.5322581 0.4000000 0.4576271 0.4576271 0.5322581 0.4237288 0.3770492 0.4333333 0.4354839 0.4354839 0.5573770 0.5645161 0.5932203 0.5762712
gi|5021144 0.2333333 0.1935484 0.1525424 0.1525424 0.1803279 0.1864407 0.1803279 0.1639344 0.1803279 0.1525424 0.1475410 0.1525424 0.0000000 0.1864407 0.1525424 0.2166667 0.2166667 0.1525424 0.2372881 0.3278689 0.2580645 0.2203390 0.3387097 0.3442623 0.3225806 0.3225806 0.3387097 0.3166667 0.3225806 0.3000000 0.3000000 0.3174603 0.2711864 0.2903226 0.3442623 0.3387097 0.3492063 0.3220339 0.2881356 0.4500000 0.4745763 0.4067797 0.3728814 0.5161290 0.4000000 0.4576271 0.4576271 0.5161290 0.4745763 0.4098361 0.4333333 0.4516129 0.4516129 0.5245902 0.5483871 0.5932203 0.5762712
gi|1147936 0.2000000 0.1451613 0.1525424 0.1525424 0.1475410 0.1525424 0.1475410 0.1803279 0.1311475 0.1525424 0.1803279 0.1525424 0.1864407 0.0000000 0.1864407 0.2500000 0.1833333 0.1694915 0.1864407 0.3278689 0.2580645 0.2881356 0.4032258 0.4262295 0.3870968 0.3870968 0.4032258 0.3666667 0.3870968 0.3166667 0.3166667 0.3809524 0.2881356 0.3064516 0.4098361 0.4032258 0.4126984 0.3898305 0.3050847 0.4500000 0.4745763 0.4576271 0.4067797 0.5000000 0.4166667 0.4406780 0.4406780 0.5322581 0.4067797 0.3934426 0.4333333 0.4193548 0.4193548 0.5409836 0.5645161 0.5932203 0.5593220
gi|5053946 0.2333333 0.1935484 0.2033898 0.2033898 0.1967213 0.1864407 0.1967213 0.1639344 0.1967213 0.1864407 0.1639344 0.2033898 0.1525424 0.1864407 0.0000000 0.2333333 0.2500000 0.2033898 0.2542373 0.3442623 0.3064516 0.2711864 0.3709677 0.3770492 0.3548387 0.3548387 0.3870968 0.3500000 0.3709677 0.3500000 0.3500000 0.3650794 0.3389831 0.3387097 0.3934426 0.3870968 0.3968254 0.3389831 0.3559322 0.4500000 0.5084746 0.4406780 0.4067797 0.5322581 0.4166667 0.4576271 0.4576271 0.5322581 0.4915254 0.4590164 0.4500000 0.4516129 0.4516129 0.5409836 0.5645161 0.5932203 0.5762712
gi|1062516 0.2666667 0.2258065 0.2500000 0.2500000 0.2295082 0.2333333 0.2295082 0.2131148 0.2295082 0.2333333 0.2131148 0.2500000 0.2166667 0.2500000 0.2333333 0.0000000 0.2833333 0.2500000 0.2833333 0.3114754 0.3387097 0.2833333 0.3387097 0.3278689 0.3387097 0.3387097 0.3709677 0.3166667 0.3548387 0.3500000 0.3500000 0.3492063 0.3333333 0.3225806 0.3606557 0.3709677 0.3650794 0.3666667 0.3500000 0.4666667 0.5333333 0.4166667 0.4166667 0.4838710 0.4000000 0.4166667 0.4500000 0.5000000 0.4833333 0.4754098 0.4333333 0.4516129 0.4354839 0.5409836 0.5483871 0.6000000 0.5666667
gi|1578301 0.1500000 0.1290323 0.2000000 0.2000000 0.1311475 0.1833333 0.1311475 0.1639344 0.1147541 0.2000000 0.1639344 0.2000000 0.2166667 0.1833333 0.2500000 0.2833333 0.0000000 0.2166667 0.1833333 0.3278689 0.2741935 0.3166667 0.3870968 0.3770492 0.3548387 0.3548387 0.4032258 0.3500000 0.3709677 0.3000000 0.3000000 0.3492063 0.3000000 0.2903226 0.4098361 0.4032258 0.3809524 0.4000000 0.3166667 0.4500000 0.4166667 0.4500000 0.4000000 0.5000000 0.4000000 0.4333333 0.4500000 0.5000000 0.4166667 0.3934426 0.4166667 0.4193548 0.4032258 0.5409836 0.5322581 0.5833333 0.5833333
gi|1130619 0.2000000 0.1612903 0.1016949 0.1016949 0.1639344 0.1525424 0.1639344 0.1803279 0.1639344 0.1016949 0.1967213 0.1016949 0.1525424 0.1694915 0.2033898 0.2500000 0.2166667 0.0000000 0.1864407 0.3114754 0.2258065 0.2711864 0.3709677 0.3770492 0.3548387 0.3548387 0.3870968 0.3500000 0.3709677 0.2833333 0.2833333 0.3650794 0.2711864 0.2741935 0.3934426 0.3870968 0.3968254 0.3728814 0.2711864 0.4333333 0.4745763 0.4237288 0.3898305 0.5322581 0.4000000 0.4576271 0.4576271 0.5322581 0.4237288 0.3770492 0.4333333 0.4354839 0.4354839 0.5573770 0.5645161 0.5932203 0.5762712
gi|1094959 0.1333333 0.1451613 0.1864407 0.1864407 0.1475410 0.1864407 0.1475410 0.1967213 0.1475410 0.1864407 0.1967213 0.1864407 0.2372881 0.1864407 0.2542373 0.2833333 0.1833333 0.1864407 0.0000000 0.3278689 0.2903226 0.3050847 0.4032258 0.4262295 0.3870968 0.3870968 0.4354839 0.3666667 0.4032258 0.3333333 0.3333333 0.3968254 0.3220339 0.3225806 0.4262295 0.4193548 0.4126984 0.4067797 0.3050847 0.4666667 0.4406780 0.4576271 0.4237288 0.5322581 0.4333333 0.4576271 0.4576271 0.5322581 0.3898305 0.4262295 0.4666667 0.4516129 0.4516129 0.5737705 0.5645161 0.6101695 0.5762712
gi|1386577 0.2786885 0.3064516 0.3114754 0.3114754 0.3114754 0.3278689 0.2950820 0.3114754 0.2950820 0.2950820 0.3114754 0.3114754 0.3278689 0.3278689 0.3442623 0.3114754 0.3278689 0.3114754 0.3278689 0.0000000 0.2258065 0.3606557 0.3064516 0.3114754 0.2580645 0.2580645 0.2903226 0.2622951 0.2741935 0.2131148 0.2622951 0.2857143 0.2295082 0.2096774 0.2950820 0.2741935 0.2857143 0.3278689 0.2459016 0.3770492 0.5573770 0.3934426 0.3606557 0.4354839 0.3442623 0.3934426 0.4098361 0.4354839 0.4918033 0.3114754 0.3606557 0.3387097 0.3387097 0.4754098 0.5000000 0.6065574 0.6229508
gi|4992873 0.2580645 0.2258065 0.2258065 0.2258065 0.2419355 0.2741935 0.2419355 0.2741935 0.2419355 0.2096774 0.2580645 0.2258065 0.2580645 0.2580645 0.3064516 0.3387097 0.2741935 0.2258065 0.2903226 0.2258065 0.0000000 0.3548387 0.2741935 0.3064516 0.2580645 0.2580645 0.3064516 0.2580645 0.2580645 0.1935484 0.2580645 0.2698413 0.1935484 0.1612903 0.3064516 0.3064516 0.3015873 0.2903226 0.1935484 0.3709677 0.5000000 0.3548387 0.3225806 0.4354839 0.3225806 0.4354839 0.4354839 0.4354839 0.4516129 0.2903226 0.3709677 0.3709677 0.3548387 0.4838710 0.5000000 0.6129032 0.5806452
gi|9391519 0.3000000 0.2903226 0.2711864 0.2711864 0.2950820 0.2881356 0.2786885 0.2459016 0.2786885 0.2711864 0.2459016 0.2711864 0.2203390 0.2881356 0.2711864 0.2833333 0.3166667 0.2711864 0.3050847 0.3606557 0.3548387 0.0000000 0.3387097 0.3770492 0.3387097 0.3387097 0.3387097 0.3333333 0.3387097 0.3500000 0.3500000 0.3333333 0.3220339 0.3225806 0.3606557 0.3548387 0.3492063 0.3220339 0.3220339 0.4333333 0.5254237 0.4237288 0.3898305 0.4838710 0.3666667 0.4576271 0.4576271 0.5000000 0.4745763 0.3606557 0.3833333 0.4193548 0.4193548 0.5245902 0.5322581 0.5932203 0.5593220
gi|4995965 0.3870968 0.3548387 0.3709677 0.3709677 0.3709677 0.4032258 0.3709677 0.3548387 0.3548387 0.3709677 0.3548387 0.3709677 0.3387097 0.4032258 0.3709677 0.3387097 0.3870968 0.3709677 0.4032258 0.3064516 0.2741935 0.3387097 0.0000000 0.1935484 0.1774194 0.1774194 0.2096774 0.1774194 0.2096774 0.2903226 0.3387097 0.2063492 0.2903226 0.2580645 0.2419355 0.2258065 0.2222222 0.1290323 0.2903226 0.3870968 0.5645161 0.2419355 0.2580645 0.4193548 0.2903226 0.3387097 0.3064516 0.4193548 0.5322581 0.3064516 0.3225806 0.3387097 0.3225806 0.4032258 0.4516129 0.6129032 0.5967742
gi|5660469 0.4098361 0.3870968 0.3770492 0.3770492 0.3934426 0.4098361 0.3770492 0.3606557 0.3770492 0.3770492 0.3606557 0.3770492 0.3442623 0.4262295 0.3770492 0.3278689 0.3770492 0.3770492 0.4262295 0.3114754 0.3064516 0.3770492 0.1935484 0.0000000 0.1774194 0.1774194 0.2258065 0.1639344 0.2096774 0.3114754 0.3442623 0.2063492 0.3278689 0.3064516 0.2295082 0.2258065 0.2380952 0.2295082 0.3278689 0.4098361 0.5737705 0.2950820 0.3114754 0.4354839 0.3278689 0.3442623 0.3770492 0.4354839 0.5737705 0.3606557 0.3606557 0.4032258 0.4032258 0.3934426 0.4516129 0.6229508 0.6065574
gi|7353547 0.3709677 0.3387097 0.3548387 0.3548387 0.3548387 0.3709677 0.3387097 0.3225806 0.3387097 0.3548387 0.3225806 0.3548387 0.3225806 0.3870968 0.3548387 0.3387097 0.3548387 0.3548387 0.3870968 0.2580645 0.2580645 0.3387097 0.1774194 0.1774194 0.0000000 0.0806452 0.1290323 0.0967742 0.1290323 0.2741935 0.3225806 0.1111111 0.2741935 0.2419355 0.1451613 0.1451613 0.1428571 0.1935484 0.2741935 0.3870968 0.5645161 0.2741935 0.2258065 0.3709677 0.2903226 0.3064516 0.3387097 0.3870968 0.5322581 0.2903226 0.3064516 0.3387097 0.3225806 0.3870968 0.4354839 0.6129032 0.5967742
gi|4995962 0.3709677 0.3387097 0.3548387 0.3548387 0.3548387 0.3709677 0.3387097 0.3225806 0.3387097 0.3548387 0.3225806 0.3548387 0.3225806 0.3870968 0.3548387 0.3387097 0.3548387 0.3548387 0.3870968 0.2580645 0.2580645 0.3387097 0.1774194 0.1774194 0.0806452 0.0000000 0.1290323 0.0967742 0.1290323 0.2741935 0.3225806 0.1111111 0.2741935 0.2419355 0.1451613 0.1451613 0.1428571 0.1935484 0.2741935 0.3870968 0.5645161 0.2741935 0.2258065 0.3709677 0.2903226 0.3064516 0.3387097 0.3870968 0.5322581 0.2903226 0.3064516 0.3387097 0.3225806 0.3870968 0.4354839 0.6129032 0.5967742
gi|6168025 0.4032258 0.3709677 0.3870968 0.3870968 0.3870968 0.4193548 0.3709677 0.3548387 0.3709677 0.3870968 0.3548387 0.3870968 0.3387097 0.4032258 0.3870968 0.3709677 0.4032258 0.3870968 0.4354839 0.2903226 0.3064516 0.3387097 0.2096774 0.2258065 0.1290323 0.1290323 0.0000000 0.1612903 0.1451613 0.3225806 0.3548387 0.1428571 0.3225806 0.2903226 0.1612903 0.1451613 0.1111111 0.2258065 0.3387097 0.3870968 0.5645161 0.2903226 0.2580645 0.3709677 0.3064516 0.3548387 0.3870968 0.4032258 0.5483871 0.2903226 0.3064516 0.3387097 0.3387097 0.3870968 0.4032258 0.5967742 0.5967742
gi|1578337 0.3666667 0.3548387 0.3500000 0.3500000 0.3606557 0.3833333 0.3606557 0.3442623 0.3442623 0.3500000 0.3442623 0.3500000 0.3166667 0.3666667 0.3500000 0.3166667 0.3500000 0.3500000 0.3666667 0.2622951 0.2580645 0.3333333 0.1774194 0.1639344 0.0967742 0.0967742 0.1612903 0.0000000 0.1612903 0.2500000 0.3333333 0.1428571 0.2666667 0.2580645 0.1639344 0.1935484 0.1904762 0.1666667 0.2666667 0.3666667 0.5500000 0.2500000 0.2333333 0.3870968 0.2666667 0.3000000 0.3333333 0.3870968 0.5333333 0.2950820 0.2833333 0.3387097 0.3387097 0.3770492 0.4354839 0.6000000 0.5833333
gi|6168024 0.3870968 0.3387097 0.3709677 0.3709677 0.3548387 0.3870968 0.3548387 0.3387097 0.3548387 0.3548387 0.3387097 0.3709677 0.3225806 0.3870968 0.3709677 0.3548387 0.3709677 0.3709677 0.4032258 0.2741935 0.2580645 0.3387097 0.2096774 0.2096774 0.1290323 0.1290323 0.1451613 0.1612903 0.0000000 0.2741935 0.3225806 0.1269841 0.2741935 0.2580645 0.1935484 0.1290323 0.1587302 0.2258065 0.2903226 0.4032258 0.5645161 0.3064516 0.2741935 0.3709677 0.3225806 0.3548387 0.3870968 0.3870968 0.5483871 0.3225806 0.3225806 0.3548387 0.3548387 0.3870968 0.4354839 0.6129032 0.5967742
gi|5035429 0.3000000 0.3064516 0.2833333 0.2833333 0.2950820 0.3333333 0.2950820 0.3114754 0.2786885 0.2666667 0.3114754 0.2833333 0.3000000 0.3166667 0.3500000 0.3500000 0.3000000 0.2833333 0.3333333 0.2131148 0.1935484 0.3500000 0.2903226 0.3114754 0.2741935 0.2741935 0.3225806 0.2500000 0.2741935 0.0000000 0.1500000 0.2698413 0.1333333 0.1451613 0.2950820 0.2903226 0.3015873 0.2833333 0.1833333 0.3500000 0.5666667 0.3333333 0.3000000 0.4354839 0.2833333 0.4166667 0.4166667 0.4354839 0.4666667 0.2459016 0.2833333 0.3225806 0.3225806 0.4754098 0.4677419 0.6166667 0.6000000
gi|1386580 0.3000000 0.3064516 0.2833333 0.2833333 0.3114754 0.3333333 0.2950820 0.3114754 0.2786885 0.2833333 0.3114754 0.2833333 0.3000000 0.3166667 0.3500000 0.3500000 0.3000000 0.2833333 0.3333333 0.2622951 0.2580645 0.3500000 0.3387097 0.3442623 0.3225806 0.3225806 0.3548387 0.3333333 0.3225806 0.1500000 0.0000000 0.3174603 0.2166667 0.2096774 0.3442623 0.3548387 0.3492063 0.3500000 0.2500000 0.4000000 0.5666667 0.4000000 0.3666667 0.4516129 0.3500000 0.4333333 0.4333333 0.4354839 0.4666667 0.2950820 0.3500000 0.3709677 0.3709677 0.5081967 0.4838710 0.6166667 0.6000000
gi|6168025 0.3809524 0.3333333 0.3650794 0.3650794 0.3492063 0.3968254 0.3492063 0.3333333 0.3492063 0.3492063 0.3333333 0.3650794 0.3174603 0.3809524 0.3650794 0.3492063 0.3492063 0.3650794 0.3968254 0.2857143 0.2698413 0.3333333 0.2063492 0.2063492 0.1111111 0.1111111 0.1428571 0.1428571 0.1269841 0.2698413 0.3174603 0.0000000 0.2857143 0.2698413 0.1904762 0.1587302 0.1269841 0.2380952 0.2857143 0.3968254 0.5714286 0.3174603 0.2857143 0.3968254 0.3333333 0.3492063 0.3809524 0.3968254 0.5396825 0.3015873 0.3333333 0.3809524 0.3809524 0.3809524 0.4126984 0.6031746 0.6031746
gi|5035416 0.3000000 0.3064516 0.2711864 0.2711864 0.2950820 0.3050847 0.2950820 0.3114754 0.2786885 0.2542373 0.3114754 0.2711864 0.2711864 0.2881356 0.3389831 0.3333333 0.3000000 0.2711864 0.3220339 0.2295082 0.1935484 0.3220339 0.2903226 0.3278689 0.2741935 0.2741935 0.3225806 0.2666667 0.2741935 0.1333333 0.2166667 0.2857143 0.0000000 0.1290323 0.3114754 0.2903226 0.3015873 0.2711864 0.1694915 0.3500000 0.5423729 0.3220339 0.2881356 0.4516129 0.3333333 0.4067797 0.4237288 0.4354839 0.4576271 0.2459016 0.3333333 0.3225806 0.3225806 0.4754098 0.4838710 0.5932203 0.5762712
gi|5838482 0.2903226 0.2741935 0.2741935 0.2741935 0.2903226 0.3064516 0.2741935 0.3064516 0.2580645 0.2580645 0.3064516 0.2741935 0.2903226 0.3064516 0.3387097 0.3225806 0.2903226 0.2741935 0.3225806 0.2096774 0.1612903 0.3225806 0.2580645 0.3064516 0.2419355 0.2419355 0.2903226 0.2580645 0.2580645 0.1451613 0.2096774 0.2698413 0.1290323 0.0000000 0.2741935 0.2741935 0.2698413 0.2741935 0.1774194 0.3548387 0.5483871 0.3387097 0.2903226 0.3870968 0.3225806 0.4032258 0.4032258 0.3870968 0.4516129 0.2096774 0.3225806 0.2903226 0.2903226 0.4354839 0.4516129 0.5806452 0.5967742
gi|6168045 0.4098361 0.3870968 0.3934426 0.3934426 0.3934426 0.4262295 0.3770492 0.3606557 0.3770492 0.3770492 0.3606557 0.3934426 0.3442623 0.4098361 0.3934426 0.3606557 0.4098361 0.3934426 0.4262295 0.2950820 0.3064516 0.3606557 0.2419355 0.2295082 0.1451613 0.1451613 0.1612903 0.1639344 0.1935484 0.2950820 0.3442623 0.1904762 0.3114754 0.2741935 0.0000000 0.1935484 0.1904762 0.2295082 0.3278689 0.3934426 0.5737705 0.3114754 0.2622951 0.4032258 0.2950820 0.3606557 0.4098361 0.4354839 0.5409836 0.2950820 0.3114754 0.3548387 0.3387097 0.3934426 0.4516129 0.6065574 0.5901639
gi|6168024 0.4032258 0.3709677 0.3870968 0.3870968 0.3870968 0.4193548 0.3870968 0.3548387 0.3709677 0.3870968 0.3548387 0.3870968 0.3387097 0.4032258 0.3870968 0.3709677 0.4032258 0.3870968 0.4193548 0.2741935 0.3064516 0.3548387 0.2258065 0.2258065 0.1451613 0.1451613 0.1451613 0.1935484 0.1290323 0.2903226 0.3548387 0.1587302 0.2903226 0.2741935 0.1935484 0.0000000 0.1428571 0.2419355 0.3225806 0.4032258 0.5645161 0.3225806 0.2903226 0.3870968 0.3225806 0.3709677 0.4032258 0.4032258 0.5483871 0.3225806 0.3387097 0.3709677 0.3709677 0.3870968 0.4032258 0.5967742 0.5967742
gi|6168046 0.3968254 0.3650794 0.3968254 0.3968254 0.3809524 0.4126984 0.3809524 0.3492063 0.3650794 0.3809524 0.3492063 0.3968254 0.3492063 0.4126984 0.3968254 0.3650794 0.3809524 0.3968254 0.4126984 0.2857143 0.3015873 0.3492063 0.2222222 0.2380952 0.1428571 0.1428571 0.1111111 0.1904762 0.1587302 0.3015873 0.3492063 0.1269841 0.3015873 0.2698413 0.1904762 0.1428571 0.0000000 0.2539683 0.3333333 0.3968254 0.5714286 0.3333333 0.2857143 0.3968254 0.3333333 0.3650794 0.3968254 0.3968254 0.5555556 0.3015873 0.3333333 0.3809524 0.3809524 0.3809524 0.4126984 0.5873016 0.6031746
gi|1011529 0.3833333 0.3870968 0.3728814 0.3728814 0.3934426 0.4067797 0.3770492 0.3606557 0.3770492 0.3559322 0.3606557 0.3728814 0.3220339 0.3898305 0.3389831 0.3666667 0.4000000 0.3728814 0.4067797 0.3278689 0.2903226 0.3220339 0.1290323 0.2295082 0.1935484 0.1935484 0.2258065 0.1666667 0.2258065 0.2833333 0.3500000 0.2380952 0.2711864 0.2741935 0.2295082 0.2419355 0.2539683 0.0000000 0.2881356 0.3833333 0.5423729 0.2542373 0.2372881 0.4193548 0.3000000 0.3220339 0.2881356 0.4354839 0.5423729 0.3114754 0.3166667 0.3548387 0.3709677 0.4098361 0.4354839 0.6101695 0.5932203
gi|5035417 0.3000000 0.3064516 0.2711864 0.2711864 0.2950820 0.3050847 0.2950820 0.3114754 0.2950820 0.2542373 0.3278689 0.2711864 0.2881356 0.3050847 0.3559322 0.3500000 0.3166667 0.2711864 0.3050847 0.2459016 0.1935484 0.3220339 0.2903226 0.3278689 0.2741935 0.2741935 0.3387097 0.2666667 0.2903226 0.1833333 0.2500000 0.2857143 0.1694915 0.1774194 0.3278689 0.3225806 0.3333333 0.2881356 0.0000000 0.3333333 0.5084746 0.2678571 0.2321429 0.4516129 0.3166667 0.3928571 0.3750000 0.4677419 0.3928571 0.2786885 0.3500000 0.3709677 0.3548387 0.4754098 0.4838710 0.6071429 0.5535714
gi|1002166 0.4333333 0.4354839 0.4333333 0.4333333 0.4426230 0.4500000 0.4262295 0.4590164 0.4262295 0.4166667 0.4590164 0.4333333 0.4500000 0.4500000 0.4500000 0.4666667 0.4500000 0.4333333 0.4666667 0.3770492 0.3709677 0.4333333 0.3870968 0.4098361 0.3870968 0.3870968 0.3870968 0.3666667 0.4032258 0.3500000 0.4000000 0.3968254 0.3500000 0.3548387 0.3934426 0.4032258 0.3968254 0.3833333 0.3333333 0.0000000 0.5666667 0.4000000 0.3666667 0.4677419 0.3500000 0.5000000 0.5000000 0.4677419 0.5000000 0.3278689 0.3500000 0.3709677 0.3709677 0.4918033 0.5000000 0.6833333 0.5666667
gi|1227483 0.4333333 0.4193548 0.4745763 0.4745763 0.4262295 0.4745763 0.4262295 0.4754098 0.4262295 0.4576271 0.4754098 0.4745763 0.4745763 0.4745763 0.5084746 0.5333333 0.4166667 0.4745763 0.4406780 0.5573770 0.5000000 0.5254237 0.5645161 0.5737705 0.5645161 0.5645161 0.5645161 0.5500000 0.5645161 0.5666667 0.5666667 0.5714286 0.5423729 0.5483871 0.5737705 0.5645161 0.5714286 0.5423729 0.5084746 0.5666667 0.0000000 0.5932203 0.5762712 0.5645161 0.5333333 0.5423729 0.5423729 0.5645161 0.5423729 0.5409836 0.5666667 0.5483871 0.5483871 0.5737705 0.5483871 0.6440678 0.5932203
gi|1011534 0.4500000 0.4354839 0.4237288 0.4237288 0.4426230 0.4576271 0.4262295 0.4262295 0.4262295 0.4237288 0.4262295 0.4237288 0.4067797 0.4576271 0.4406780 0.4166667 0.4500000 0.4237288 0.4576271 0.3934426 0.3548387 0.4237288 0.2419355 0.2950820 0.2741935 0.2741935 0.2903226 0.2500000 0.3064516 0.3333333 0.4000000 0.3174603 0.3220339 0.3387097 0.3114754 0.3225806 0.3333333 0.2542373 0.2678571 0.4000000 0.5932203 0.0000000 0.1320755 0.4677419 0.3666667 0.3653846 0.3653846 0.4677419 0.4615385 0.3606557 0.3666667 0.4193548 0.4193548 0.4918033 0.5000000 0.6538462 0.5283019
gi|1011526 0.4166667 0.4032258 0.3898305 0.3898305 0.4098361 0.4237288 0.3934426 0.3934426 0.3934426 0.3898305 0.3934426 0.3898305 0.3728814 0.4067797 0.4067797 0.4166667 0.4000000 0.3898305 0.4237288 0.3606557 0.3225806 0.3898305 0.2580645 0.3114754 0.2258065 0.2258065 0.2580645 0.2333333 0.2741935 0.3000000 0.3666667 0.2857143 0.2881356 0.2903226 0.2622951 0.2903226 0.2857143 0.2372881 0.2321429 0.3666667 0.5762712 0.1320755 0.0000000 0.4516129 0.3333333 0.3584906 0.3396226 0.4354839 0.4339623 0.3278689 0.3666667 0.4193548 0.4193548 0.4918033 0.4838710 0.6415094 0.5094340
gi|6366656 0.5322581 0.5000000 0.5322581 0.5322581 0.5161290 0.5483871 0.5161290 0.5161290 0.4677419 0.5322581 0.5161290 0.5322581 0.5161290 0.5000000 0.5322581 0.4838710 0.5000000 0.5322581 0.5322581 0.4354839 0.4354839 0.4838710 0.4193548 0.4354839 0.3709677 0.3709677 0.3709677 0.3870968 0.3709677 0.4354839 0.4516129 0.3968254 0.4516129 0.3870968 0.4032258 0.3870968 0.3968254 0.4193548 0.4516129 0.4677419 0.5645161 0.4677419 0.4516129 0.0000000 0.5000000 0.4032258 0.4516129 0.3225806 0.5806452 0.5161290 0.5000000 0.5161290 0.5161290 0.4516129 0.4677419 0.6774194 0.6290323
gi|1188287 0.4166667 0.4032258 0.4000000 0.4000000 0.4098361 0.4333333 0.3934426 0.4098361 0.3934426 0.3833333 0.4098361 0.4000000 0.4000000 0.4166667 0.4166667 0.4000000 0.4000000 0.4000000 0.4333333 0.3442623 0.3225806 0.3666667 0.2903226 0.3278689 0.2903226 0.2903226 0.3064516 0.2666667 0.3225806 0.2833333 0.3500000 0.3333333 0.3333333 0.3225806 0.2950820 0.3225806 0.3333333 0.3000000 0.3166667 0.3500000 0.5333333 0.3666667 0.3333333 0.5000000 0.0000000 0.4000000 0.4000000 0.4677419 0.5666667 0.2295082 0.0833333 0.2580645 0.2580645 0.4754098 0.5000000 0.6000000 0.5833333
gi|1011526 0.4500000 0.4354839 0.4576271 0.4576271 0.4426230 0.4576271 0.4262295 0.4426230 0.4262295 0.4406780 0.4426230 0.4576271 0.4576271 0.4406780 0.4576271 0.4166667 0.4333333 0.4576271 0.4576271 0.3934426 0.4354839 0.4576271 0.3387097 0.3442623 0.3064516 0.3064516 0.3548387 0.3000000 0.3548387 0.4166667 0.4333333 0.3492063 0.4067797 0.4032258 0.3606557 0.3709677 0.3650794 0.3220339 0.3928571 0.5000000 0.5423729 0.3653846 0.3584906 0.4032258 0.4000000 0.0000000 0.1538462 0.4193548 0.5192308 0.4262295 0.4000000 0.4193548 0.4193548 0.4590164 0.5000000 0.5576923 0.5283019
gi|1011534 0.4500000 0.4354839 0.4576271 0.4576271 0.4426230 0.4576271 0.4426230 0.4426230 0.4426230 0.4576271 0.4426230 0.4576271 0.4576271 0.4406780 0.4576271 0.4500000 0.4500000 0.4576271 0.4576271 0.4098361 0.4354839 0.4576271 0.3064516 0.3770492 0.3387097 0.3387097 0.3870968 0.3333333 0.3870968 0.4166667 0.4333333 0.3809524 0.4237288 0.4032258 0.4098361 0.4032258 0.3968254 0.2881356 0.3750000 0.5000000 0.5423729 0.3653846 0.3396226 0.4516129 0.4000000 0.1538462 0.0000000 0.4516129 0.5192308 0.4098361 0.4000000 0.4193548 0.4193548 0.5081967 0.5322581 0.5576923 0.5471698
gi|6366656 0.5322581 0.5000000 0.5322581 0.5322581 0.5161290 0.5645161 0.5161290 0.5000000 0.4838710 0.5161290 0.5000000 0.5322581 0.5161290 0.5322581 0.5322581 0.5000000 0.5000000 0.5322581 0.5322581 0.4354839 0.4354839 0.5000000 0.4193548 0.4354839 0.3870968 0.3870968 0.4032258 0.3870968 0.3870968 0.4354839 0.4354839 0.3968254 0.4354839 0.3870968 0.4354839 0.4032258 0.3968254 0.4354839 0.4677419 0.4677419 0.5645161 0.4677419 0.4354839 0.3225806 0.4677419 0.4193548 0.4516129 0.0000000 0.5806452 0.5000000 0.4677419 0.4838710 0.4838710 0.4354839 0.4838710 0.6612903 0.5806452
gi|913749| 0.3833333 0.3709677 0.4237288 0.4237288 0.3934426 0.4237288 0.3770492 0.4098361 0.3770492 0.4237288 0.4098361 0.4237288 0.4745763 0.4067797 0.4915254 0.4833333 0.4166667 0.4237288 0.3898305 0.4918033 0.4516129 0.4745763 0.5322581 0.5737705 0.5322581 0.5322581 0.5483871 0.5333333 0.5483871 0.4666667 0.4666667 0.5396825 0.4576271 0.4516129 0.5409836 0.5483871 0.5555556 0.5423729 0.3928571 0.5000000 0.5423729 0.4615385 0.4339623 0.5806452 0.5666667 0.5192308 0.5192308 0.5806452 0.0000000 0.5245902 0.5833333 0.5645161 0.5645161 0.6065574 0.5645161 0.6304348 0.5283019
gi|8511881 0.4098361 0.3870968 0.3770492 0.3770492 0.3770492 0.4262295 0.3770492 0.4262295 0.3606557 0.3606557 0.4426230 0.3770492 0.4098361 0.3934426 0.4590164 0.4754098 0.3934426 0.3770492 0.4262295 0.3114754 0.2903226 0.3606557 0.3064516 0.3606557 0.2903226 0.2903226 0.2903226 0.2950820 0.3225806 0.2459016 0.2950820 0.3015873 0.2459016 0.2096774 0.2950820 0.3225806 0.3015873 0.3114754 0.2786885 0.3278689 0.5409836 0.3606557 0.3278689 0.5161290 0.2295082 0.4262295 0.4098361 0.5000000 0.5245902 0.0000000 0.2459016 0.2419355 0.2419355 0.4590164 0.5000000 0.6065574 0.5901639
gi|1188286 0.4333333 0.4354839 0.4333333 0.4333333 0.4426230 0.4500000 0.4262295 0.4262295 0.4098361 0.4166667 0.4262295 0.4333333 0.4333333 0.4333333 0.4500000 0.4333333 0.4166667 0.4333333 0.4666667 0.3606557 0.3709677 0.3833333 0.3225806 0.3606557 0.3064516 0.3064516 0.3064516 0.2833333 0.3225806 0.2833333 0.3500000 0.3333333 0.3333333 0.3225806 0.3114754 0.3387097 0.3333333 0.3166667 0.3500000 0.3500000 0.5666667 0.3666667 0.3666667 0.5000000 0.0833333 0.4000000 0.4000000 0.4677419 0.5833333 0.2459016 0.0000000 0.2419355 0.2258065 0.4754098 0.5000000 0.6000000 0.5833333
gi|4963623 0.4193548 0.4032258 0.4354839 0.4354839 0.4193548 0.4354839 0.4193548 0.4354839 0.3709677 0.4354839 0.4516129 0.4354839 0.4516129 0.4193548 0.4516129 0.4516129 0.4193548 0.4354839 0.4516129 0.3387097 0.3709677 0.4193548 0.3387097 0.4032258 0.3387097 0.3387097 0.3387097 0.3387097 0.3548387 0.3225806 0.3709677 0.3809524 0.3225806 0.2903226 0.3548387 0.3709677 0.3809524 0.3548387 0.3709677 0.3709677 0.5483871 0.4193548 0.4193548 0.5161290 0.2580645 0.4193548 0.4193548 0.4838710 0.5645161 0.2419355 0.2419355 0.0000000 0.1129032 0.5000000 0.5322581 0.5967742 0.6129032
gi|5035033 0.4193548 0.4032258 0.4354839 0.4354839 0.4193548 0.4354839 0.4193548 0.4354839 0.3709677 0.4354839 0.4354839 0.4354839 0.4516129 0.4193548 0.4516129 0.4354839 0.4032258 0.4354839 0.4516129 0.3387097 0.3548387 0.4193548 0.3225806 0.4032258 0.3225806 0.3225806 0.3387097 0.3387097 0.3548387 0.3225806 0.3709677 0.3809524 0.3225806 0.2903226 0.3387097 0.3709677 0.3809524 0.3709677 0.3548387 0.3709677 0.5483871 0.4193548 0.4193548 0.5161290 0.2580645 0.4193548 0.4193548 0.4838710 0.5645161 0.2419355 0.2258065 0.1129032 0.0000000 0.5000000 0.5161290 0.5967742 0.6129032
gi|6366656 0.5573770 0.5322581 0.5573770 0.5573770 0.5409836 0.5901639 0.5409836 0.5245902 0.5245902 0.5573770 0.5245902 0.5573770 0.5245902 0.5409836 0.5409836 0.5409836 0.5409836 0.5573770 0.5737705 0.4754098 0.4838710 0.5245902 0.4032258 0.3934426 0.3870968 0.3870968 0.3870968 0.3770492 0.3870968 0.4754098 0.5081967 0.3809524 0.4754098 0.4354839 0.3934426 0.3870968 0.3809524 0.4098361 0.4754098 0.4918033 0.5737705 0.4918033 0.4918033 0.4516129 0.4754098 0.4590164 0.5081967 0.4354839 0.6065574 0.4590164 0.4754098 0.5000000 0.5000000 0.0000000 0.4354839 0.6557377 0.5737705
gi|3399611 0.5645161 0.5161290 0.5645161 0.5645161 0.5483871 0.5806452 0.5322581 0.5322581 0.5322581 0.5483871 0.5322581 0.5645161 0.5483871 0.5645161 0.5645161 0.5483871 0.5322581 0.5645161 0.5645161 0.5000000 0.5000000 0.5322581 0.4516129 0.4516129 0.4354839 0.4354839 0.4032258 0.4354839 0.4354839 0.4677419 0.4838710 0.4126984 0.4838710 0.4516129 0.4516129 0.4032258 0.4126984 0.4354839 0.4838710 0.5000000 0.5483871 0.5000000 0.4838710 0.4677419 0.5000000 0.5000000 0.5322581 0.4838710 0.5645161 0.5000000 0.5000000 0.5322581 0.5161290 0.4354839 0.0000000 0.6451613 0.5967742
gi|5838477 0.6000000 0.5806452 0.5932203 0.5932203 0.5901639 0.5932203 0.5901639 0.5901639 0.5737705 0.5762712 0.5901639 0.5932203 0.5932203 0.5932203 0.5932203 0.6000000 0.5833333 0.5932203 0.6101695 0.6065574 0.6129032 0.5932203 0.6129032 0.6229508 0.6129032 0.6129032 0.5967742 0.6000000 0.6129032 0.6166667 0.6166667 0.6031746 0.5932203 0.5806452 0.6065574 0.5967742 0.5873016 0.6101695 0.6071429 0.6833333 0.6440678 0.6538462 0.6415094 0.6774194 0.6000000 0.5576923 0.5576923 0.6612903 0.6304348 0.6065574 0.6000000 0.5967742 0.5967742 0.6557377 0.6451613 0.0000000 0.6792453
gi|1062630 0.5666667 0.5806452 0.5762712 0.5762712 0.5901639 0.5762712 0.5901639 0.5901639 0.5737705 0.5762712 0.5901639 0.5762712 0.5762712 0.5593220 0.5762712 0.5666667 0.5833333 0.5762712 0.5762712 0.6229508 0.5806452 0.5593220 0.5967742 0.6065574 0.5967742 0.5967742 0.5967742 0.5833333 0.5967742 0.6000000 0.6000000 0.6031746 0.5762712 0.5967742 0.5901639 0.5967742 0.6031746 0.5932203 0.5535714 0.5666667 0.5932203 0.5283019 0.5094340 0.6290323 0.5833333 0.5283019 0.5471698 0.5806452 0.5283019 0.5901639 0.5833333 0.6129032 0.6129032 0.5737705 0.5967742 0.6792453 0.0000000
