   57
gi|1427799 0.0000000 0.4536943 0.0833333 0.0833333 0.4537188 0.0833333 0.4536847 0.4537801 0.4536618 0.0882208 0.4537801 0.0833333 0.1250000 0.0846861 0.1416667 0.1750000 0.4537273 0.0833333 0.0546061 0.1890647 0.1583333 0.2033472 0.2833333 0.2833333 0.2583333 0.2583333 0.2916667 0.2520552 0.2666667 0.1890647 0.1890647 0.4540254 0.1808447 0.1863956 0.3000000 0.2916667 0.4540622 0.2843545 0.1832237 0.4996913 0.3375534 0.3228127 0.3031252 0.4152421 0.3304841 0.3084615 0.3185425 0.4321936 0.2054058 0.4997247 0.3319268 0.3487342 0.3487342 0.4572509 0.4572509 0.2926779 0.5000000
gi|4976778 0.4536943 0.0000000 0.4536943 0.4536943 0.0000000 0.4536943 0.0000000 0.0000001 0.0000000 0.4533159 0.0000001 0.4536943 0.4537556 0.4529276 0.4537801 0.4538537 0.0000001 0.4536943 0.4533283 0.4995795 0.4994727 0.4995635 0.4996812 0.4996812 0.4996444 0.4996444 0.4996934 0.4996351 0.4996566 0.4995424 0.4995424 0.4999323 0.4995303 0.4995385 0.4997057 0.4996934 0.4999324 0.4996827 0.4995338 0.4999995 0.4529443 0.4997393 0.4997103 0.4998753 0.4997505 0.4997181 0.4997330 0.4999002 0.4398212 0.4999996 0.4997527 0.4997774 0.4997774 0.4999371 0.4999371 0.4996949 0.5000000
gi|1381585 0.0833333 0.4536943 0.0000000 0.0000000 0.4537188 0.0416667 0.4536847 0.4537556 0.4536749 0.0041842 0.4537556 0.0000000 0.0583333 0.0592587 0.1000000 0.1500000 0.4537404 0.0000000 0.0966244 0.1890647 0.1000000 0.1779198 0.2583333 0.2583333 0.2333333 0.2333333 0.2666667 0.2264058 0.2416667 0.1470464 0.1470464 0.4539886 0.1377156 0.1440167 0.2750000 0.2666667 0.4540254 0.2584771 0.1366390 0.4995885 0.3803025 0.2932815 0.2735940 0.3898147 0.3050567 0.3084615 0.3185425 0.4067663 0.2599603 0.4996592 0.3067159 0.3403305 0.3403305 0.4316014 0.4316014 0.2926779 0.5000000
gi|4976759 0.0833333 0.4536943 0.0000000 0.0000000 0.4537188 0.0416667 0.4536847 0.4537556 0.4536749 0.0041842 0.4537556 0.0000000 0.0583333 0.0592587 0.1000000 0.1500000 0.4537404 0.0000000 0.0966244 0.1890647 0.1000000 0.1779198 0.2583333 0.2583333 0.2333333 0.2333333 0.2666667 0.2264058 0.2416667 0.1470464 0.1470464 0.4539886 0.1377156 0.1440167 0.2750000 0.2666667 0.4540254 0.2584771 0.1366390 0.4995885 0.3803025 0.2932815 0.2735940 0.3898147 0.3050567 0.3084615 0.3185425 0.4067663 0.2599603 0.4996592 0.3067159 0.3403305 0.3403305 0.4316014 0.4316014 0.2926779 0.5000000
gi|5021171 0.4537188 0.0000000 0.4537188 0.4537188 0.0000000 0.4537188 0.0000000 0.0000001 0.0000000 0.4533283 0.0000001 0.4537188 0.4537556 0.4529401 0.4537801 0.4538537 0.0000001 0.4537188 0.4533406 0.4995795 0.4994727 0.4995635 0.4996812 0.4996812 0.4996444 0.4996444 0.4996934 0.4996351 0.4996566 0.4995424 0.4995424 0.4999323 0.4995303 0.4995385 0.4997057 0.4996934 0.4999324 0.4996827 0.4995064 0.4999995 0.4529569 0.4997393 0.4997103 0.4998753 0.4997505 0.4997181 0.4997330 0.4999002 0.4398372 0.4999996 0.4997527 0.4997774 0.4997774 0.4999371 0.4999371 0.4996949 0.5000000
gi|1062516 0.0833333 0.4536943 0.0416667 0.0416667 0.4537188 0.0000000 0.4536847 0.4537556 0.4536749 0.0462025 0.4537556 0.0416667 0.0833333 0.0592587 0.1000000 0.1250000 0.4537404 0.0416667 0.0966244 0.2142756 0.1416667 0.2033472 0.2833333 0.2833333 0.2583333 0.2583333 0.2916667 0.2520552 0.2666667 0.1890647 0.1890647 0.4540254 0.1808447 0.1863956 0.3000000 0.2916667 0.4540622 0.2843545 0.1832237 0.4996913 0.3803025 0.3228127 0.3031252 0.4152421 0.3304841 0.3084615 0.3185425 0.4321936 0.2599603 0.4997247 0.3319268 0.3487342 0.3487342 0.4572509 0.4572509 0.2926779 0.5000000
gi|3891959 0.4536847 0.0000000 0.4536847 0.4536847 0.0000000 0.4536847 0.0000000 0.0000001 0.0000000 0.4532939 0.0000001 0.4536847 0.4537354 0.4529058 0.4537608 0.4538368 0.0000001 0.4536847 0.4533066 0.4995654 0.4994550 0.4995488 0.4996704 0.4996704 0.4996324 0.4996324 0.4996831 0.4996229 0.4996451 0.4995271 0.4995271 0.4999301 0.4995146 0.4995230 0.4996958 0.4996831 0.4999301 0.4996720 0.4995182 0.4999995 0.4529367 0.4997305 0.4997005 0.4998711 0.4997422 0.4997087 0.4997240 0.4998969 0.4398071 0.4999996 0.4997444 0.4997699 0.4997699 0.4999350 0.4999350 0.4996847 0.5000000
gi|5043250 0.4537801 0.0000001 0.4537556 0.4537556 0.0000001 0.4537556 0.0000001 0.0000000 0.0000001 0.4533654 0.0000000 0.4537556 0.4537188 0.4529900 0.4537433 0.4538169 0.0000002 0.4537556 0.4534025 0.4996166 0.4995095 0.4995260 0.4996444 0.4996444 0.4996076 0.4996076 0.4996566 0.4995974 0.4996198 0.4995795 0.4995795 0.4999323 0.4995684 0.4995759 0.4996689 0.4996566 0.4999323 0.4996446 0.4995475 0.4999996 0.4530198 0.4996958 0.4996668 0.4998379 0.4997505 0.4997181 0.4997330 0.4998628 0.4399175 0.4999996 0.4997527 0.4997898 0.4997898 0.4999119 0.4999119 0.4996949 0.5000000
gi|1578315 0.4536618 0.0000000 0.4536749 0.4536749 0.0000000 0.4536749 0.0000000 0.0000001 0.0000000 0.4532839 0.0000001 0.4536749 0.4537273 0.4528829 0.4537535 0.4538322 0.0000001 0.4536749 0.4532839 0.4995506 0.4994363 0.4995334 0.4996592 0.4996592 0.4996199 0.4996199 0.4996723 0.4996100 0.4996330 0.4995109 0.4995109 0.4999277 0.4994980 0.4995067 0.4996854 0.4996723 0.4999277 0.4996608 0.4995017 0.4999995 0.4529287 0.4997213 0.4996903 0.4998667 0.4997333 0.4996987 0.4997146 0.4998933 0.4397924 0.4999996 0.4997356 0.4997621 0.4997621 0.4999328 0.4999328 0.4996739 0.5000000
gi|5542098 0.0882208 0.4533159 0.0041842 0.0041842 0.4533283 0.0462025 0.4532939 0.4533654 0.4532839 0.0000000 0.4533654 0.0041842 0.0546061 0.0555393 0.0966244 0.1470464 0.4533500 0.0041842 0.0932203 0.1864407 0.0966244 0.1752018 0.2562939 0.2562939 0.2310829 0.2310829 0.2646976 0.2240969 0.2394866 0.1440678 0.1440678 0.4536003 0.1346583 0.1410125 0.2731012 0.2646976 0.4536374 0.2564388 0.1335726 0.4995850 0.3792924 0.2915370 0.2716833 0.3888848 0.3034116 0.3068451 0.3170112 0.4059795 0.2579346 0.4996563 0.3050847 0.3389831 0.3389831 0.4310242 0.4310242 0.2909283 0.5000000
gi|5027183 0.4537801 0.0000001 0.4537556 0.4537556 0.0000001 0.4537556 0.0000001 0.0000000 0.0000001 0.4533654 0.0000000 0.4537556 0.4536943 0.4529900 0.4537188 0.4538169 0.0000002 0.4537556 0.4534025 0.4996166 0.4994849 0.4995260 0.4996444 0.4996444 0.4996076 0.4996076 0.4996566 0.4995974 0.4996198 0.4995795 0.4995795 0.4999323 0.4995684 0.4995759 0.4996689 0.4996566 0.4999323 0.4996446 0.4995750 0.4999996 0.4530198 0.4996958 0.4996668 0.4998379 0.4997505 0.4997181 0.4997330 0.4998628 0.4399175 0.4999996 0.4997527 0.4997898 0.4997898 0.4999119 0.4999119 0.4996949 0.5000000
gi|1009083 0.0833333 0.4536943 0.0000000 0.0000000 0.4537188 0.0416667 0.4536847 0.4537556 0.4536749 0.0041842 0.4537556 0.0000000 0.0583333 0.0592587 0.1000000 0.1500000 0.4537404 0.0000000 0.0966244 0.1890647 0.1000000 0.1779198 0.2583333 0.2583333 0.2333333 0.2333333 0.2666667 0.2264058 0.2416667 0.1470464 0.1470464 0.4539886 0.1377156 0.1440167 0.2750000 0.2666667 0.4540254 0.2584771 0.1366390 0.4995885 0.3803025 0.2932815 0.2735940 0.3898147 0.3050567 0.3084615 0.3185425 0.4067663 0.2599603 0.4996592 0.3067159 0.3403305 0.3403305 0.4316014 0.4316014 0.2926779 0.5000000
gi|5021144 0.1250000 0.4537556 0.0583333 0.0583333 0.4537556 0.0833333 0.4537354 0.4537188 0.4537273 0.0546061 0.4536943 0.0583333 0.0000000 0.0931619 0.0416667 0.1250000 0.4537928 0.0583333 0.1302390 0.2310829 0.1250000 0.1355409 0.2166667 0.2166667 0.1916667 0.1916667 0.2250000 0.1836567 0.2000000 0.1890647 0.1890647 0.4539273 0.1808447 0.1863956 0.2333333 0.2250000 0.4539641 0.2153480 0.1832237 0.4996913 0.4145018 0.2440627 0.2243753 0.3474357 0.3050567 0.3084615 0.3185425 0.3643873 0.3036039 0.4996985 0.3067159 0.3571378 0.3571378 0.3974022 0.3974022 0.2926779 0.5000000
gi|1147936 0.0846861 0.4529276 0.0592587 0.0592587 0.4529401 0.0592587 0.4529058 0.4529900 0.4528829 0.0555393 0.4529900 0.0592587 0.0931619 0.0000000 0.1016377 0.1609682 0.4529496 0.0592587 0.0897286 0.2093911 0.1440167 0.2068966 0.2881052 0.2881052 0.2626778 0.2626778 0.2965809 0.2565125 0.2711536 0.1922965 0.1922965 0.4532519 0.1841619 0.1896552 0.3050567 0.2965809 0.4532893 0.2894413 0.1872846 0.4997070 0.3695603 0.3297956 0.3097716 0.4137931 0.3362069 0.3051871 0.3154404 0.4310345 0.2558568 0.4997333 0.3376009 0.3461482 0.3461482 0.4565201 0.4565201 0.2891337 0.5000000
gi|5053946 0.1416667 0.4537801 0.1000000 0.1000000 0.4537801 0.1000000 0.4537608 0.4537433 0.4537535 0.0966244 0.4537188 0.1000000 0.0416667 0.1016377 0.0000000 0.1416667 0.4538191 0.1000000 0.1470464 0.2394866 0.1666667 0.1779198 0.2583333 0.2583333 0.2333333 0.2333333 0.2666667 0.2264058 0.2416667 0.2310829 0.2310829 0.4539886 0.2239738 0.2287746 0.2750000 0.2666667 0.4540254 0.2584771 0.2298085 0.4997942 0.4145018 0.2932815 0.2735940 0.3728631 0.3474357 0.3084615 0.3185425 0.3898147 0.3254257 0.4997640 0.3487342 0.3571378 0.3571378 0.4230516 0.4230516 0.2926779 0.5000000
gi|1062516 0.1750000 0.4538537 0.1500000 0.1500000 0.4538537 0.1250000 0.4538368 0.4538169 0.4538322 0.1470464 0.4538169 0.1500000 0.1250000 0.1609682 0.1416667 0.0000000 0.4538977 0.1500000 0.1722573 0.2310829 0.2333333 0.1948714 0.2416667 0.2166667 0.2250000 0.2250000 0.2583333 0.2178560 0.2333333 0.2226793 0.2226793 0.4539763 0.2239738 0.2287746 0.2666667 0.2583333 0.4540131 0.2584771 0.2391254 0.4997737 0.4401513 0.2735940 0.2932815 0.3643873 0.3304841 0.2782186 0.3185425 0.3813389 0.3363366 0.4997640 0.3319268 0.3655415 0.3655415 0.4145018 0.4316014 0.2926779 0.5000000
gi|1578301 0.4537273 0.0000001 0.4537404 0.4537404 0.0000001 0.4537404 0.0000001 0.0000002 0.0000001 0.4533500 0.0000002 0.4537404 0.4537928 0.4529496 0.4538191 0.4538977 0.0000000 0.4537404 0.4533500 0.4996034 0.4994888 0.4996000 0.4996723 0.4996592 0.4996330 0.4996330 0.4996854 0.4996234 0.4996461 0.4995638 0.4995638 0.4999277 0.4995522 0.4995600 0.4996985 0.4996854 0.4999278 0.4996744 0.4995603 0.4999995 0.4529287 0.4997368 0.4997058 0.4998667 0.4997467 0.4997146 0.4997304 0.4998933 0.4398782 0.4999996 0.4997488 0.4997753 0.4997753 0.4999328 0.4999328 0.4996739 0.5000000
gi|1130619 0.0833333 0.4536943 0.0000000 0.0000000 0.4537188 0.0416667 0.4536847 0.4537556 0.4536749 0.0041842 0.4537556 0.0000000 0.0583333 0.0592587 0.1000000 0.1500000 0.4537404 0.0000000 0.0966244 0.1890647 0.1000000 0.1779198 0.2583333 0.2583333 0.2333333 0.2333333 0.2666667 0.2264058 0.2416667 0.1470464 0.1470464 0.4539886 0.1377156 0.1440167 0.2750000 0.2666667 0.4540254 0.2584771 0.1366390 0.4995885 0.3803025 0.2932815 0.2735940 0.3898147 0.3050567 0.3084615 0.3185425 0.4067663 0.2599603 0.4996592 0.3067159 0.3403305 0.3403305 0.4316014 0.4316014 0.2926779 0.5000000
gi|1094959 0.0546061 0.4533283 0.0966244 0.0966244 0.4533406 0.0966244 0.4533066 0.4534025 0.4532839 0.0932203 0.4534025 0.0966244 0.1302390 0.0897286 0.1470464 0.1722573 0.4533500 0.0966244 0.0000000 0.2118644 0.1638537 0.2008438 0.2815049 0.2815049 0.2562939 0.2562939 0.2899085 0.2499628 0.2646976 0.1864407 0.1864407 0.4536374 0.1781513 0.1837491 0.2983122 0.2899085 0.4536745 0.2825347 0.1805504 0.4996887 0.3448045 0.3213174 0.3014638 0.4145268 0.3290536 0.3068451 0.3170112 0.4316214 0.2029198 0.4997224 0.3305085 0.3474576 0.3474576 0.4568901 0.4568901 0.2909283 0.5000000
gi|1386577 0.1890647 0.4995795 0.1890647 0.1890647 0.4995795 0.2142756 0.4995654 0.4996166 0.4995506 0.1864407 0.4996166 0.1890647 0.2310829 0.2093911 0.2394866 0.2310829 0.4996034 0.1890647 0.2118644 0.0000000 0.1302390 0.2777697 0.2394866 0.2310829 0.1722573 0.1722573 0.2058720 0.1723651 0.1806610 0.1101695 0.1610169 0.4535138 0.1085624 0.1153706 0.2142756 0.2058720 0.4535509 0.2390416 0.1241770 0.4995435 0.4137803 0.2716833 0.2419029 0.3632429 0.2777697 0.2560149 0.3068451 0.3803375 0.3349554 0.4996166 0.2796610 0.2711864 0.2711864 0.3879144 0.4310242 0.2909283 0.5000000
gi|4992873 0.1583333 0.4994727 0.1000000 0.1000000 0.4994727 0.1416667 0.4994550 0.4995095 0.4994363 0.0966244 0.4994849 0.1000000 0.1250000 0.1440167 0.1666667 0.2333333 0.4994888 0.1000000 0.1638537 0.1302390 0.0000000 0.2372504 0.2000000 0.2250000 0.1750000 0.1750000 0.2083333 0.1665570 0.1833333 0.0882208 0.1386427 0.4539028 0.0773348 0.0846861 0.2166667 0.2083333 0.4539396 0.1980963 0.0714203 0.4994444 0.3888523 0.2243753 0.2046878 0.3813389 0.2457262 0.2983805 0.3084615 0.3982905 0.2926930 0.4995674 0.2478903 0.2815049 0.2815049 0.4059520 0.4230516 0.2926779 0.5000000
gi|9391519 0.2033472 0.4995635 0.1779198 0.1779198 0.4995635 0.2033472 0.4995488 0.4995260 0.4995334 0.1752018 0.4995260 0.1779198 0.1355409 0.2068966 0.1779198 0.1948714 0.4996000 0.1779198 0.2008438 0.2777697 0.2372504 0.0000000 0.2542020 0.2626778 0.2372504 0.2372504 0.2372504 0.2304246 0.2372504 0.2350331 0.2350331 0.4532020 0.2280283 0.2327586 0.2457262 0.2372504 0.4532020 0.2543482 0.2346657 0.4996233 0.4478241 0.2897475 0.2697235 0.3620690 0.2672414 0.3667070 0.3667070 0.3793103 0.3224413 0.4996267 0.2692223 0.3205063 0.3205063 0.4043442 0.4043442 0.3041955 0.5000000
gi|4995965 0.2833333 0.4996812 0.2583333 0.2583333 0.4996812 0.2833333 0.4996704 0.4996444 0.4996592 0.2562939 0.4996444 0.2583333 0.2166667 0.2881052 0.2583333 0.2416667 0.4996723 0.2583333 0.2815049 0.2394866 0.2000000 0.2542020 0.0000000 0.0833333 0.0916667 0.0916667 0.1333333 0.0810588 0.1333333 0.1974683 0.2478903 0.4538292 0.1894705 0.1948714 0.1333333 0.1583333 0.4538660 0.0342057 0.1925407 0.4995267 0.4487011 0.0767192 0.1259379 0.3389599 0.2202988 0.2278137 0.1673279 0.3559115 0.4127128 0.4995674 0.2226793 0.2731012 0.2731012 0.3546531 0.3888523 0.3074866 0.5000000
gi|5660469 0.2833333 0.4996812 0.2583333 0.2583333 0.4996812 0.2833333 0.4996704 0.4996444 0.4996592 0.2562939 0.4996444 0.2583333 0.2166667 0.2881052 0.2583333 0.2166667 0.4996592 0.2583333 0.2815049 0.2310829 0.2250000 0.2626778 0.0833333 0.0000000 0.0916667 0.0916667 0.1333333 0.0810588 0.1333333 0.2142756 0.2394866 0.4538292 0.2153480 0.2202988 0.1333333 0.1583333 0.4538660 0.1204639 0.2298085 0.4996296 0.4401513 0.1259379 0.1751566 0.3050567 0.2457262 0.2076518 0.2479757 0.3220083 0.4236237 0.4996330 0.2478903 0.3067159 0.3067159 0.3204538 0.3717527 0.2926779 0.5000000
gi|7353547 0.2583333 0.4996444 0.2333333 0.2333333 0.4996444 0.2583333 0.4996324 0.4996076 0.4996199 0.2310829 0.4996076 0.2333333 0.1916667 0.2626778 0.2333333 0.2250000 0.4996330 0.2333333 0.2562939 0.1722573 0.1750000 0.2372504 0.0916667 0.0916667 0.0000000 0.0000000 0.0416667 0.0126603 0.0416667 0.1554500 0.2058720 0.4536943 0.1549672 0.1609682 0.0416667 0.0666667 0.4537311 0.0859607 0.1739068 0.4995062 0.4401513 0.1259379 0.0767192 0.2965809 0.1948714 0.1673279 0.2278137 0.3135325 0.3908911 0.4995281 0.1974683 0.2562939 0.2562939 0.3033541 0.3632029 0.2926779 0.5000000
gi|4995962 0.2583333 0.4996444 0.2333333 0.2333333 0.4996444 0.2583333 0.4996324 0.4996076 0.4996199 0.2310829 0.4996076 0.2333333 0.1916667 0.2626778 0.2333333 0.2250000 0.4996330 0.2333333 0.2562939 0.1722573 0.1750000 0.2372504 0.0916667 0.0916667 0.0000000 0.0000000 0.0416667 0.0126603 0.0416667 0.1554500 0.2058720 0.4536943 0.1549672 0.1609682 0.0416667 0.0666667 0.4537311 0.0859607 0.1739068 0.4995062 0.4401513 0.1259379 0.0767192 0.2965809 0.1948714 0.1673279 0.2278137 0.3135325 0.3908911 0.4995281 0.1974683 0.2562939 0.2562939 0.3033541 0.3632029 0.2926779 0.5000000
gi|6168025 0.2916667 0.4996934 0.2666667 0.2666667 0.4996934 0.2916667 0.4996831 0.4996566 0.4996723 0.2646976 0.4996566 0.2666667 0.2250000 0.2965809 0.2666667 0.2583333 0.4996854 0.2666667 0.2899085 0.2058720 0.2083333 0.2372504 0.1333333 0.1333333 0.0416667 0.0416667 0.0000000 0.0554094 0.0666667 0.1890647 0.2394866 0.4537311 0.1894705 0.1948714 0.0583333 0.0666667 0.4536943 0.1290898 0.2111746 0.4995062 0.4401513 0.1751566 0.1259379 0.2965809 0.2033472 0.2177328 0.2782186 0.3135325 0.4018019 0.4995412 0.2058720 0.2646976 0.2646976 0.3033541 0.3632029 0.2926779 0.5000000
gi|1578337 0.2520552 0.4996351 0.2264058 0.2264058 0.4996351 0.2520552 0.4996229 0.4995974 0.4996100 0.2240969 0.4995974 0.2264058 0.1836567 0.2565125 0.2264058 0.2178560 0.4996234 0.2264058 0.2499628 0.1723651 0.1665570 0.2304246 0.0810588 0.0810588 0.0126603 0.0126603 0.0554094 0.0000000 0.0554094 0.1551211 0.2068530 0.4525291 0.1548537 0.1608567 0.0554094 0.0810588 0.4525668 0.0752046 0.1654354 0.4994933 0.4385965 0.1162203 0.0960214 0.2912965 0.1869447 0.1586856 0.2207428 0.3086884 0.3880566 0.4995293 0.1896090 0.2499628 0.2499628 0.2982456 0.3596491 0.2872920 0.5000000
gi|6168024 0.2666667 0.4996566 0.2416667 0.2416667 0.4996566 0.2666667 0.4996451 0.4996198 0.4996330 0.2394866 0.4996198 0.2416667 0.2000000 0.2711536 0.2416667 0.2333333 0.4996461 0.2416667 0.2646976 0.1806610 0.1833333 0.2372504 0.1333333 0.1333333 0.0416667 0.0416667 0.0666667 0.0554094 0.0000000 0.1638537 0.2142756 0.4536943 0.1635930 0.1694440 0.0833333 0.0416667 0.4537311 0.1290898 0.1832237 0.4995267 0.4401513 0.1751566 0.1259379 0.2965809 0.2287746 0.2177328 0.2782186 0.3135325 0.4018019 0.4995805 0.2310829 0.2899085 0.2899085 0.3033541 0.3632029 0.2926779 0.5000000
gi|5035429 0.1890647 0.4995424 0.1470464 0.1470464 0.4995424 0.1890647 0.4995271 0.4995795 0.4995109 0.1440678 0.4995795 0.1470464 0.1890647 0.1922965 0.2310829 0.2226793 0.4995638 0.1470464 0.1864407 0.1101695 0.0882208 0.2350331 0.1974683 0.2142756 0.1554500 0.1554500 0.1890647 0.1551211 0.1638537 0.0000000 0.0508475 0.4534890 0.0389735 0.0469920 0.1974683 0.1890647 0.4535261 0.1955486 0.0771991 0.4994397 0.4137803 0.2220493 0.1922688 0.3717902 0.1922965 0.2865130 0.3068451 0.3888848 0.3019465 0.4534954 0.1949153 0.2796610 0.2796610 0.3965363 0.4137803 0.2909283 0.5000000
gi|1386580 0.1890647 0.4995424 0.1470464 0.1470464 0.4995424 0.1890647 0.4995271 0.4995795 0.4995109 0.1440678 0.4995795 0.1470464 0.1890647 0.1922965 0.2310829 0.2226793 0.4995638 0.1470464 0.1864407 0.1610169 0.1386427 0.2350331 0.2478903 0.2394866 0.2058720 0.2058720 0.2394866 0.2068530 0.2142756 0.0508475 0.0000000 0.4535632 0.0911652 0.0982759 0.2478903 0.2394866 0.4536003 0.2477402 0.1335726 0.4995642 0.4137803 0.2816101 0.2518297 0.3803375 0.2435804 0.2966791 0.3170112 0.3974322 0.3019465 0.4535748 0.2457627 0.3305085 0.3305085 0.4224023 0.4224023 0.2909283 0.5000000
gi|6168025 0.4540254 0.4999323 0.4539886 0.4539886 0.4999323 0.4540254 0.4999301 0.4999323 0.4999277 0.4536003 0.4999323 0.4539886 0.4539273 0.4532519 0.4539886 0.4539763 0.4999277 0.4539886 0.4536374 0.4535138 0.4539028 0.4532020 0.4538292 0.4538292 0.4536943 0.4536943 0.4537311 0.4525291 0.4536943 0.4534890 0.4535632 0.0000000 0.4522721 0.4531022 0.4537556 0.4537311 0.0000001 0.4522214 0.4485166 0.4999993 0.4999119 0.4995220 0.4994495 0.4997007 0.4531896 0.4443838 0.4444728 0.4997256 0.4998555 0.4999276 0.4535880 0.4536745 0.4536745 0.4997106 0.4997987 0.4186061 0.5000000
gi|5035416 0.1808447 0.4995303 0.1377156 0.1377156 0.4995303 0.1808447 0.4995146 0.4995684 0.4994980 0.1346583 0.4995684 0.1377156 0.1808447 0.1841619 0.2239738 0.2239738 0.4995522 0.1377156 0.1781513 0.1085624 0.0773348 0.2280283 0.1894705 0.2153480 0.1549672 0.1549672 0.1894705 0.1548537 0.1635930 0.0389735 0.0911652 0.4522721 0.0000000 0.0174696 0.1980963 0.1894705 0.4523102 0.1875000 0.0660218 0.4994249 0.4115010 0.2147013 0.1841336 0.3771741 0.2368016 0.2913040 0.3017388 0.3947206 0.2967107 0.4522660 0.2390416 0.2738361 0.2738361 0.4026511 0.4203509 0.2547443 0.5000000
gi|5838482 0.1863956 0.4995385 0.1440167 0.1440167 0.4995385 0.1863956 0.4995230 0.4995759 0.4995067 0.1410125 0.4995759 0.1440167 0.1863956 0.1896552 0.2287746 0.2287746 0.4995600 0.1440167 0.1837491 0.1153706 0.0846861 0.2327586 0.1948714 0.2202988 0.1609682 0.1609682 0.1948714 0.1608567 0.1694440 0.0469920 0.0982759 0.4531022 0.0174696 0.0000000 0.2033472 0.1948714 0.4531397 0.1929352 0.0735699 0.4994349 0.4130402 0.2196634 0.1896273 0.3793103 0.2413793 0.2949338 0.3051871 0.3965517 0.3002465 0.4530962 0.2435804 0.2777697 0.2777697 0.4043442 0.4217362 0.2590099 0.5000000
gi|6168045 0.3000000 0.4997057 0.2750000 0.2750000 0.4997057 0.3000000 0.4996958 0.4996689 0.4996854 0.2731012 0.4996689 0.2750000 0.2333333 0.3050567 0.2750000 0.2666667 0.4996985 0.2750000 0.2983122 0.2142756 0.2166667 0.2457262 0.1333333 0.1333333 0.0416667 0.0416667 0.0583333 0.0554094 0.0833333 0.1974683 0.2478903 0.4537556 0.1980963 0.2033472 0.0000000 0.0833333 0.4537556 0.1290898 0.2204915 0.4995267 0.4401513 0.1751566 0.1259379 0.3135325 0.1948714 0.2076518 0.2681376 0.3304841 0.3908911 0.4995281 0.1974683 0.2562939 0.2562939 0.3033541 0.3632029 0.2926779 0.5000000
gi|6168024 0.2916667 0.4996934 0.2666667 0.2666667 0.4996934 0.2916667 0.4996831 0.4996566 0.4996723 0.2646976 0.4996566 0.2666667 0.2250000 0.2965809 0.2666667 0.2583333 0.4996854 0.2666667 0.2899085 0.2058720 0.2083333 0.2372504 0.1583333 0.1583333 0.0666667 0.0666667 0.0666667 0.0810588 0.0416667 0.1890647 0.2394866 0.4537311 0.1894705 0.1948714 0.0833333 0.0000000 0.4537311 0.1549672 0.2111746 0.4995267 0.4401513 0.2046878 0.1554691 0.2965809 0.2287746 0.2479757 0.3084615 0.3135325 0.4018019 0.4995805 0.2310829 0.2899085 0.2899085 0.3033541 0.3632029 0.2926779 0.5000000
gi|6168046 0.4540622 0.4999324 0.4540254 0.4540254 0.4999324 0.4540622 0.4999301 0.4999323 0.4999277 0.4536374 0.4999323 0.4540254 0.4539641 0.4532893 0.4540254 0.4540131 0.4999278 0.4540254 0.4536745 0.4535509 0.4539396 0.4532020 0.4538660 0.4538660 0.4537311 0.4537311 0.4536943 0.4525668 0.4537311 0.4535261 0.4536003 0.0000001 0.4523102 0.4531397 0.4537556 0.4537311 0.0000000 0.4522594 0.4485577 0.4999993 0.4999119 0.4995654 0.4994930 0.4997007 0.4531896 0.4444283 0.4445173 0.4997256 0.4998555 0.4999276 0.4535880 0.4536745 0.4536745 0.4997106 0.4997987 0.4186061 0.5000000
gi|1011529 0.2843545 0.4996827 0.2584771 0.2584771 0.4996827 0.2843545 0.4996720 0.4996446 0.4996608 0.2564388 0.4996446 0.2584771 0.2153480 0.2894413 0.2584771 0.2584771 0.4996744 0.2584771 0.2825347 0.2390416 0.1980963 0.2543482 0.0342057 0.1204639 0.0859607 0.0859607 0.1290898 0.0752046 0.1290898 0.1955486 0.2477402 0.4522214 0.1875000 0.1929352 0.1290898 0.1549672 0.4522594 0.0000000 0.1913933 0.4995314 0.4469006 0.1229981 0.1229981 0.3333077 0.2192550 0.2182604 0.1556517 0.3508542 0.4209431 0.4995658 0.2216444 0.2738361 0.2738361 0.3495516 0.3849512 0.3007297 0.5000000
gi|5035417 0.1832237 0.4995338 0.1366390 0.1366390 0.4995064 0.1832237 0.4995182 0.4995475 0.4995017 0.1335726 0.4995750 0.1366390 0.1832237 0.1872846 0.2298085 0.2391254 0.4995603 0.1366390 0.1805504 0.1241770 0.0714203 0.2346657 0.1925407 0.2298085 0.1739068 0.1739068 0.2111746 0.1654354 0.1832237 0.0771991 0.1335726 0.4485166 0.0660218 0.0735699 0.2204915 0.2111746 0.4485577 0.1913933 0.0000000 0.4993788 0.4426461 0.1918422 0.1698309 0.4052377 0.2536181 0.3196661 0.3196661 0.4147140 0.2682237 0.4995603 0.2557150 0.2932973 0.2932973 0.4330871 0.4522051 0.3344335 0.5000000
gi|1002166 0.4996913 0.4999995 0.4995885 0.4995885 0.4999995 0.4996913 0.4999995 0.4999996 0.4999995 0.4995850 0.4999996 0.4995885 0.4996913 0.4997070 0.4997942 0.4997737 0.4999995 0.4995885 0.4996887 0.4995435 0.4994444 0.4996233 0.4995267 0.4996296 0.4995062 0.4995062 0.4995062 0.4994933 0.4995267 0.4994397 0.4995642 0.4999993 0.4994249 0.4994349 0.4995267 0.4995267 0.4999993 0.4995314 0.4993788 0.0000000 0.4999367 0.4994410 0.4994166 0.4998326 0.4994768 0.4998506 0.4998506 0.4998326 0.4997036 0.4999991 0.4994812 0.4995642 0.4995642 0.4998733 0.4999156 0.4998903 0.5000000
gi|1227483 0.3375534 0.4529443 0.3803025 0.3803025 0.4529569 0.3803025 0.4529367 0.4530198 0.4529287 0.3792924 0.4530198 0.3803025 0.4145018 0.3695603 0.4145018 0.4401513 0.4529287 0.3803025 0.3448045 0.4137803 0.3888523 0.4478241 0.4487011 0.4401513 0.4401513 0.4401513 0.4401513 0.4385965 0.4401513 0.4137803 0.4137803 0.4999119 0.4115010 0.4130402 0.4401513 0.4401513 0.4999119 0.4469006 0.4426461 0.4999367 0.0000000 0.5000000 0.5000000 0.4565201 0.4391281 0.4276000 0.4379428 0.4739121 0.3992509 0.4999059 0.4396462 0.4310242 0.4310242 0.4561404 0.4561404 0.3936460 0.5000000
gi|1011534 0.3228127 0.4997393 0.2932815 0.2932815 0.4997393 0.3228127 0.4997305 0.4996958 0.4997213 0.2915370 0.4996958 0.2932815 0.2440627 0.3297956 0.2932815 0.2735940 0.4997368 0.2932815 0.3213174 0.2716833 0.2243753 0.2897475 0.0767192 0.1259379 0.1259379 0.1259379 0.1751566 0.1162203 0.1751566 0.2220493 0.2816101 0.4995220 0.2147013 0.2196634 0.1751566 0.2046878 0.4995654 0.1229981 0.1918422 0.4994410 0.5000000 0.0000000 0.0581395 0.3598317 0.2496995 0.3094698 0.3094698 0.3598317 0.3968921 0.4996129 0.2518297 0.3113906 0.3113906 0.3990054 0.4192043 0.4125361 0.5000000
gi|1011526 0.3031252 0.4997103 0.2735940 0.2735940 0.4997103 0.3031252 0.4997005 0.4996668 0.4996903 0.2716833 0.4996668 0.2735940 0.2243753 0.3097716 0.2735940 0.2932815 0.4997058 0.2735940 0.3014638 0.2419029 0.2046878 0.2697235 0.1259379 0.1751566 0.0767192 0.0767192 0.1259379 0.0960214 0.1259379 0.1922688 0.2518297 0.4994495 0.1841336 0.1896273 0.1259379 0.1554691 0.4994930 0.1229981 0.1698309 0.4994166 0.5000000 0.0581395 0.0000000 0.3598317 0.2396874 0.3094698 0.3094698 0.3598317 0.3711152 0.4995664 0.2419029 0.3014638 0.3014638 0.3990054 0.4192043 0.4125361 0.5000000
gi|6366656 0.4152421 0.4998753 0.3898147 0.3898147 0.4998753 0.4152421 0.4998711 0.4998379 0.4998667 0.3888848 0.4998379 0.3898147 0.3474357 0.4137931 0.3728631 0.3643873 0.4998667 0.3898147 0.4145268 0.3632429 0.3813389 0.3620690 0.3389599 0.3050567 0.2965809 0.2965809 0.2965809 0.2912965 0.2965809 0.3717902 0.3803375 0.4997007 0.3771741 0.3793103 0.3135325 0.2965809 0.4997007 0.3333077 0.4052377 0.4998326 0.4565201 0.3598317 0.3598317 0.0000000 0.4051724 0.2949338 0.3462004 0.2500000 0.4778052 0.4998800 0.4059795 0.4401688 0.4401688 0.3521683 0.3869522 0.4096287 0.5000000
gi|1188287 0.3304841 0.4997505 0.3050567 0.3050567 0.4997505 0.3304841 0.4997422 0.4997505 0.4997333 0.3034116 0.4997505 0.3050567 0.3050567 0.3362069 0.3474357 0.3304841 0.4997467 0.3050567 0.3290536 0.2777697 0.2457262 0.2672414 0.2202988 0.2457262 0.1948714 0.1948714 0.2033472 0.1869447 0.2287746 0.1922965 0.2435804 0.4531896 0.2368016 0.2413793 0.1948714 0.2287746 0.4531896 0.2192550 0.2536181 0.4994768 0.4391281 0.2496995 0.2396874 0.4051724 0.0000000 0.2846805 0.3051871 0.4224138 0.4334155 0.4530296 0.0298974 0.1752018 0.1752018 0.3956482 0.4130402 0.2891337 0.5000000
gi|1011526 0.3084615 0.4997181 0.3084615 0.3084615 0.4997181 0.3084615 0.4997087 0.4997181 0.4996987 0.3068451 0.4997181 0.3084615 0.3084615 0.3051871 0.3084615 0.2782186 0.4997146 0.3084615 0.3068451 0.2560149 0.2983805 0.3667070 0.2278137 0.2076518 0.1673279 0.1673279 0.2177328 0.1586856 0.2177328 0.2865130 0.2966791 0.4443838 0.2913040 0.2949338 0.2076518 0.2479757 0.4444283 0.2182604 0.3196661 0.4998506 0.4276000 0.3094698 0.3094698 0.2949338 0.2846805 0.0000000 0.0731707 0.3154404 0.4736018 0.4996987 0.2865130 0.2966791 0.2966791 0.3655428 0.4172571 0.2671133 0.5000000
gi|1011534 0.3185425 0.4997330 0.3185425 0.3185425 0.4997330 0.3185425 0.4997240 0.4997330 0.4997146 0.3170112 0.4997330 0.3185425 0.3185425 0.3154404 0.3185425 0.3185425 0.4997304 0.3185425 0.3170112 0.3068451 0.3084615 0.3667070 0.1673279 0.2479757 0.2278137 0.2278137 0.2782186 0.2207428 0.2782186 0.3068451 0.3170112 0.4444728 0.3017388 0.3051871 0.2681376 0.3084615 0.4445173 0.1556517 0.3196661 0.4998506 0.4379428 0.3094698 0.3094698 0.3462004 0.3051871 0.0731707 0.0000000 0.3667070 0.4736018 0.4996987 0.3068451 0.3068451 0.3068451 0.4276000 0.4482857 0.2850277 0.5000000
gi|6366656 0.4321936 0.4999002 0.4067663 0.4067663 0.4999002 0.4321936 0.4998969 0.4998628 0.4998933 0.4059795 0.4998628 0.4067663 0.3643873 0.4310345 0.3898147 0.3813389 0.4998933 0.4067663 0.4316214 0.3803375 0.3982905 0.3793103 0.3559115 0.3220083 0.3135325 0.3135325 0.3135325 0.3086884 0.3135325 0.3888848 0.3974322 0.4997256 0.3947206 0.3965517 0.3304841 0.3135325 0.4997256 0.3508542 0.4147140 0.4998326 0.4739121 0.3598317 0.3598317 0.2500000 0.4224138 0.3154404 0.3667070 0.0000000 0.4778052 0.4999067 0.4230741 0.4572634 0.4572634 0.3695603 0.4043442 0.4397525 0.5000000
gi|913749| 0.2054058 0.4398212 0.2599603 0.2599603 0.4398372 0.2599603 0.4398071 0.4399175 0.4397924 0.2579346 0.4399175 0.2599603 0.3036039 0.2558568 0.3254257 0.3363366 0.4398782 0.2599603 0.2029198 0.3349554 0.2926930 0.3224413 0.4127128 0.4236237 0.3908911 0.3908911 0.4018019 0.3880566 0.4018019 0.3019465 0.3019465 0.4998555 0.2967107 0.3002465 0.3908911 0.4018019 0.4998555 0.4209431 0.2682237 0.4997036 0.3992509 0.3968921 0.3711152 0.4778052 0.4334155 0.4736018 0.4736018 0.4778052 0.0000000 0.4998627 0.4339822 0.4559881 0.4559881 0.5000000 0.5000000 0.5000000 0.5000000
gi|8511881 0.4997247 0.4999996 0.4996592 0.4996592 0.4999996 0.4997247 0.4999996 0.4999996 0.4999996 0.4996563 0.4999996 0.4996592 0.4996985 0.4997333 0.4997640 0.4997640 0.4999996 0.4996592 0.4997224 0.4996166 0.4995674 0.4996267 0.4995674 0.4996330 0.4995281 0.4995281 0.4995412 0.4995293 0.4995805 0.4534954 0.4535748 0.4999276 0.4522660 0.4530962 0.4995281 0.4995805 0.4999276 0.4995658 0.4995603 0.4999991 0.4999059 0.4996129 0.4995664 0.4998800 0.4530296 0.4996987 0.4996987 0.4999067 0.4998627 0.0000000 0.4534293 0.4534558 0.4534558 0.4998655 0.4998924 0.4996972 0.5000000
gi|1188286 0.3319268 0.4997527 0.3067159 0.3067159 0.4997527 0.3319268 0.4997444 0.4997527 0.4997356 0.3050847 0.4997527 0.3067159 0.3067159 0.3376009 0.3487342 0.3319268 0.4997488 0.3067159 0.3305085 0.2796610 0.2478903 0.2692223 0.2226793 0.2478903 0.1974683 0.1974683 0.2058720 0.1896090 0.2310829 0.1949153 0.2457627 0.4535880 0.2390416 0.2435804 0.1974683 0.2310829 0.4535880 0.2216444 0.2557150 0.4994812 0.4396462 0.2518297 0.2419029 0.4059795 0.0298974 0.2865130 0.3068451 0.4230741 0.4339822 0.4534293 0.0000000 0.1440678 0.1440678 0.3965363 0.4137803 0.2909283 0.5000000
gi|4963623 0.3487342 0.4997774 0.3403305 0.3403305 0.4997774 0.3487342 0.4997699 0.4997898 0.4997621 0.3389831 0.4997898 0.3403305 0.3571378 0.3461482 0.3571378 0.3655415 0.4997753 0.3403305 0.3474576 0.2711864 0.2815049 0.3205063 0.2731012 0.3067159 0.2562939 0.2562939 0.2646976 0.2499628 0.2899085 0.2796610 0.3305085 0.4536745 0.2738361 0.2777697 0.2562939 0.2899085 0.4536745 0.2738361 0.2932973 0.4995642 0.4310242 0.3113906 0.3014638 0.4401688 0.1752018 0.2966791 0.3068451 0.4572634 0.4559881 0.4534558 0.1440678 0.0000000 0.0423729 0.4310242 0.4482682 0.2909283 0.5000000
gi|5035033 0.3487342 0.4997774 0.3403305 0.3403305 0.4997774 0.3487342 0.4997699 0.4997898 0.4997621 0.3389831 0.4997898 0.3403305 0.3571378 0.3461482 0.3571378 0.3655415 0.4997753 0.3403305 0.3474576 0.2711864 0.2815049 0.3205063 0.2731012 0.3067159 0.2562939 0.2562939 0.2646976 0.2499628 0.2899085 0.2796610 0.3305085 0.4536745 0.2738361 0.2777697 0.2562939 0.2899085 0.4536745 0.2738361 0.2932973 0.4995642 0.4310242 0.3113906 0.3014638 0.4401688 0.1752018 0.2966791 0.3068451 0.4572634 0.4559881 0.4534558 0.1440678 0.0423729 0.0000000 0.4310242 0.4482682 0.2909283 0.5000000
gi|6366656 0.4572509 0.4999371 0.4316014 0.4316014 0.4999371 0.4572509 0.4999350 0.4999119 0.4999328 0.4310242 0.4999119 0.4316014 0.3974022 0.4565201 0.4230516 0.4145018 0.4999328 0.4316014 0.4568901 0.3879144 0.4059520 0.4043442 0.3546531 0.3204538 0.3033541 0.3033541 0.3033541 0.2982456 0.3033541 0.3965363 0.4224023 0.4997106 0.4026511 0.4043442 0.3033541 0.3033541 0.4997106 0.3495516 0.4330871 0.4998733 0.4561404 0.3990054 0.3990054 0.3521683 0.3956482 0.3655428 0.4276000 0.3695603 0.5000000 0.4998655 0.3965363 0.4310242 0.4310242 0.0000000 0.3508772 0.4240329 0.5000000
gi|3399611 0.4572509 0.4999371 0.4316014 0.4316014 0.4999371 0.4572509 0.4999350 0.4999119 0.4999328 0.4310242 0.4999119 0.4316014 0.3974022 0.4565201 0.4230516 0.4316014 0.4999328 0.4316014 0.4568901 0.4310242 0.4230516 0.4043442 0.3888523 0.3717527 0.3632029 0.3632029 0.3632029 0.3596491 0.3632029 0.4137803 0.4224023 0.4997987 0.4203509 0.4217362 0.3632029 0.3632029 0.4997987 0.3849512 0.4522051 0.4999156 0.4561404 0.4192043 0.4192043 0.3869522 0.4130402 0.4172571 0.4482857 0.4043442 0.5000000 0.4998924 0.4137803 0.4482682 0.4482682 0.3508772 0.0000000 0.4240329 0.5000000
gi|5838477 0.2926779 0.4996949 0.2926779 0.2926779 0.4996949 0.2926779 0.4996847 0.4996949 0.4996739 0.2909283 0.4996949 0.2926779 0.2926779 0.2891337 0.2926779 0.2926779 0.4996739 0.2926779 0.2909283 0.2909283 0.2926779 0.3041955 0.3074866 0.2926779 0.2926779 0.2926779 0.2926779 0.2872920 0.2926779 0.2909283 0.2909283 0.4186061 0.2547443 0.2590099 0.2926779 0.2926779 0.4186061 0.3007297 0.3344335 0.4998903 0.3936460 0.4125361 0.4125361 0.4096287 0.2891337 0.2671133 0.2850277 0.4397525 0.5000000 0.4996972 0.2909283 0.2909283 0.2909283 0.4240329 0.4240329 0.0000000 0.5000000
gi|1062630 0.5000000 0.5000000 0.5000000 0.5000000 0.5000000 0.5000000 0.5000000 0.5000000 0.5000000 0.5000000 0.5000000 0.5000000 0.5000000 0.5000000 0.5000000 0.5000000 0.5000000 0.5000000 0.5000000 0.5000000 0.5000000 0.5000000 0.5000000 0.5000000 0.5000000 0.5000000 0.5000000 0.5000000 0.5000000 0.5000000 0.5000000 0.5000000 0.5000000 0.5000000 0.5000000 0.5000000 0.5000000 0.5000000 0.5000000 0.5000000 0.5000000 0.5000000 0.5000000 0.5000000 0.5000000 0.5000000 0.5000000 0.5000000 0.5000000 0.5000000 0.5000000 0.5000000 0.5000000 0.5000000 0.5000000 0.5000000 0.0000000
