   59
gi|7353547 0.0000000 0.0983607 0.1639344 0.1475410 0.1147541 0.1451613 0.1803279 0.1774194 0.1967213 0.2131148 0.1803279 0.2131148 0.2786885 0.2950820 0.2622951 0.3114754 0.2786885 0.2459016 0.3114754 0.3278689 0.3442623 0.3606557 0.3278689 0.3278689 0.3606557 0.3606557 0.3442623 0.3387097 0.3606557 0.4262295 0.3278689 0.3387097 0.3934426 0.3114754 0.3442623 0.3278689 0.3968254 0.3442623 0.2459016 0.3770492 0.3442623 0.3606557 0.3968254 0.4262295 0.2786885 0.4590164 0.2622951 0.3114754 0.3278689 0.3278689 0.2950820 0.3770492 0.3442623 0.5245902 0.5409836 0.5737705 0.5573770 0.5573770 0.5901639
gi|4995962 0.0983607 0.0000000 0.1639344 0.1475410 0.1147541 0.1451613 0.1803279 0.1774194 0.1967213 0.2131148 0.1803279 0.2131148 0.2786885 0.2950820 0.2622951 0.3114754 0.2786885 0.2459016 0.3114754 0.3278689 0.3442623 0.3606557 0.3278689 0.3278689 0.3606557 0.3606557 0.3442623 0.3387097 0.3606557 0.4262295 0.3278689 0.3387097 0.3934426 0.3114754 0.3442623 0.3278689 0.3968254 0.3442623 0.2459016 0.3770492 0.3442623 0.3606557 0.3968254 0.4262295 0.2786885 0.4590164 0.2622951 0.3114754 0.3278689 0.3278689 0.2950820 0.3770492 0.3442623 0.5245902 0.5409836 0.5737705 0.5573770 0.5573770 0.5901639
gi|6168025 0.1639344 0.1639344 0.0000000 0.1967213 0.1666667 0.1935484 0.2000000 0.1612903 0.1833333 0.2500000 0.2666667 0.2500000 0.3000000 0.3333333 0.3333333 0.3666667 0.3500000 0.3000000 0.3500000 0.3770492 0.4000000 0.4000000 0.3770492 0.4000000 0.4166667 0.4166667 0.3934426 0.3870968 0.3666667 0.4333333 0.3666667 0.3548387 0.4500000 0.3666667 0.3833333 0.3833333 0.4444444 0.4000000 0.2833333 0.4166667 0.3606557 0.4000000 0.4444444 0.4166667 0.3333333 0.4590164 0.3166667 0.3500000 0.3333333 0.3333333 0.3166667 0.3833333 0.3666667 0.5333333 0.5666667 0.5666667 0.5666667 0.5666667 0.6000000
gi|6168024 0.1475410 0.1475410 0.1967213 0.0000000 0.1639344 0.1290323 0.1967213 0.1451613 0.1475410 0.2459016 0.2295082 0.2459016 0.2950820 0.2950820 0.2786885 0.3278689 0.2950820 0.2622951 0.3278689 0.3278689 0.3606557 0.3770492 0.3278689 0.3606557 0.3770492 0.3770492 0.3606557 0.3548387 0.3606557 0.4426230 0.3278689 0.3387097 0.4098361 0.3278689 0.3442623 0.3278689 0.3968254 0.3606557 0.2950820 0.3770492 0.3442623 0.3606557 0.3968254 0.4098361 0.3114754 0.4590164 0.3114754 0.3442623 0.3606557 0.3606557 0.3278689 0.4098361 0.3770492 0.5245902 0.5573770 0.5737705 0.5573770 0.5573770 0.5901639
gi|1578337 0.1147541 0.1147541 0.1666667 0.1639344 0.0000000 0.1612903 0.1666667 0.1774194 0.1833333 0.2000000 0.1833333 0.2000000 0.2833333 0.2833333 0.2666667 0.3166667 0.2833333 0.2500000 0.3000000 0.3278689 0.3500000 0.3500000 0.3278689 0.3166667 0.3500000 0.3500000 0.3606557 0.3548387 0.3500000 0.4166667 0.3166667 0.3387097 0.3833333 0.3166667 0.3333333 0.3166667 0.3968254 0.3500000 0.2333333 0.3666667 0.3442623 0.3500000 0.3968254 0.4166667 0.2833333 0.4426230 0.2666667 0.3166667 0.3166667 0.3166667 0.2833333 0.3666667 0.3500000 0.5333333 0.5333333 0.5666667 0.5500000 0.5500000 0.5833333
gi|6168025 0.1451613 0.1451613 0.1935484 0.1290323 0.1612903 0.0000000 0.1935484 0.1290323 0.1774194 0.2419355 0.2419355 0.2419355 0.2903226 0.2903226 0.2741935 0.3225806 0.2903226 0.2741935 0.3225806 0.3387097 0.3548387 0.3709677 0.3387097 0.3548387 0.3870968 0.3870968 0.3709677 0.3548387 0.3548387 0.4354839 0.3387097 0.3387097 0.4032258 0.3387097 0.3548387 0.3387097 0.3968254 0.3709677 0.2903226 0.3870968 0.3548387 0.3548387 0.3968254 0.4354839 0.3064516 0.4354839 0.3064516 0.3548387 0.3387097 0.3548387 0.3064516 0.4032258 0.3870968 0.5322581 0.5483871 0.5645161 0.5483871 0.5483871 0.5645161
gi|6168045 0.1803279 0.1803279 0.2000000 0.1967213 0.1666667 0.1935484 0.0000000 0.2096774 0.2166667 0.2500000 0.2666667 0.2500000 0.3000000 0.3333333 0.3166667 0.3500000 0.3333333 0.3000000 0.3500000 0.3770492 0.4000000 0.4166667 0.3770492 0.3500000 0.4166667 0.4166667 0.4098361 0.4032258 0.3666667 0.4333333 0.3500000 0.3709677 0.4500000 0.3666667 0.3833333 0.3833333 0.4444444 0.4000000 0.2833333 0.4166667 0.3606557 0.4000000 0.4444444 0.4166667 0.3166667 0.4426230 0.3166667 0.3500000 0.3166667 0.3333333 0.3000000 0.3833333 0.3666667 0.5333333 0.5333333 0.5666667 0.5500000 0.5500000 0.6166667
gi|6168046 0.1774194 0.1774194 0.1612903 0.1451613 0.1774194 0.1290323 0.2096774 0.0000000 0.1774194 0.2741935 0.2580645 0.2580645 0.3064516 0.3225806 0.3064516 0.3548387 0.3225806 0.3064516 0.3225806 0.3548387 0.3709677 0.3870968 0.3548387 0.3870968 0.4032258 0.4032258 0.3870968 0.3709677 0.3548387 0.4354839 0.3548387 0.3387097 0.4354839 0.3709677 0.3870968 0.3548387 0.4126984 0.4032258 0.3064516 0.4032258 0.3548387 0.4032258 0.4126984 0.4193548 0.3548387 0.4354839 0.3225806 0.3709677 0.3387097 0.3548387 0.3064516 0.4032258 0.3870968 0.5322581 0.5483871 0.5483871 0.5483871 0.5483871 0.5645161
gi|6168024 0.1967213 0.1967213 0.1833333 0.1475410 0.1833333 0.1774194 0.2166667 0.1774194 0.0000000 0.2666667 0.2666667 0.2666667 0.3000000 0.3333333 0.3166667 0.3666667 0.3333333 0.3000000 0.3500000 0.3606557 0.4000000 0.4000000 0.3770492 0.4000000 0.4166667 0.4166667 0.3934426 0.3870968 0.3500000 0.4500000 0.3666667 0.3548387 0.4500000 0.3666667 0.3833333 0.3666667 0.4444444 0.4000000 0.3166667 0.4166667 0.3606557 0.4000000 0.4444444 0.4333333 0.3500000 0.4590164 0.3333333 0.3666667 0.3666667 0.3666667 0.3333333 0.4166667 0.4000000 0.5333333 0.5666667 0.5666667 0.5666667 0.5666667 0.6000000
gi|4995965 0.2131148 0.2131148 0.2500000 0.2459016 0.2000000 0.2419355 0.2500000 0.2741935 0.2666667 0.0000000 0.2203390 0.1355932 0.3389831 0.3050847 0.2881356 0.3220339 0.2881356 0.2542373 0.3389831 0.3770492 0.3559322 0.4000000 0.3606557 0.3500000 0.3728814 0.3728814 0.3934426 0.3870968 0.3728814 0.4237288 0.3559322 0.4354839 0.4067797 0.3666667 0.3898305 0.3220339 0.4126984 0.4067797 0.3220339 0.4067797 0.4590164 0.4067797 0.4126984 0.5000000 0.2881356 0.5245902 0.2372881 0.2372881 0.3389831 0.3220339 0.3050847 0.3728814 0.3559322 0.5762712 0.5593220 0.5932203 0.5593220 0.5593220 0.6101695
gi|5660469 0.1803279 0.1803279 0.2666667 0.2295082 0.1833333 0.2419355 0.2666667 0.2580645 0.2666667 0.2203390 0.0000000 0.2203390 0.3389831 0.3220339 0.3050847 0.3220339 0.3220339 0.2881356 0.3389831 0.3770492 0.3728814 0.4000000 0.3606557 0.3333333 0.3728814 0.3728814 0.3934426 0.3870968 0.3728814 0.4576271 0.3559322 0.4032258 0.4067797 0.3666667 0.3898305 0.3728814 0.4126984 0.4067797 0.3220339 0.4237288 0.4262295 0.3898305 0.4126984 0.4833333 0.3559322 0.5081967 0.2881356 0.3389831 0.3728814 0.3728814 0.3559322 0.4237288 0.4067797 0.5593220 0.5762712 0.5762712 0.5593220 0.5593220 0.6101695
gi|1011529 0.2131148 0.2131148 0.2500000 0.2459016 0.2000000 0.2419355 0.2500000 0.2580645 0.2666667 0.1355932 0.2203390 0.0000000 0.3103448 0.3050847 0.2758621 0.3103448 0.2758621 0.2542373 0.3220339 0.3606557 0.3389831 0.3833333 0.3442623 0.3500000 0.3559322 0.3559322 0.3934426 0.3709677 0.3275862 0.3965517 0.3448276 0.4193548 0.3898305 0.3666667 0.3620690 0.3103448 0.4126984 0.3965517 0.2931034 0.3965517 0.4262295 0.3965517 0.4126984 0.4833333 0.2758621 0.5081967 0.2413793 0.2068966 0.3103448 0.2931034 0.2758621 0.3448276 0.3275862 0.5344828 0.5517241 0.5517241 0.5344828 0.5344828 0.5689655
gi|1386577 0.2786885 0.2786885 0.3000000 0.2950820 0.2833333 0.2903226 0.3000000 0.3064516 0.3000000 0.3389831 0.3389831 0.3103448 0.0000000 0.2203390 0.1896552 0.2413793 0.2068966 0.1864407 0.3050847 0.3114754 0.3050847 0.2666667 0.3114754 0.3166667 0.2881356 0.2881356 0.2950820 0.2903226 0.3448276 0.3965517 0.2758621 0.4354839 0.3050847 0.2833333 0.2931034 0.2586207 0.3492063 0.3103448 0.3103448 0.3103448 0.4426230 0.3103448 0.3492063 0.5166667 0.3793103 0.5737705 0.3620690 0.3620690 0.3448276 0.3448276 0.2931034 0.3275862 0.3103448 0.5172414 0.5000000 0.5517241 0.5344828 0.5344828 0.5862069
gi|4992873 0.2950820 0.2950820 0.3333333 0.2950820 0.2833333 0.2903226 0.3333333 0.3225806 0.3333333 0.3050847 0.3220339 0.3050847 0.2203390 0.0000000 0.1694915 0.2203390 0.1525424 0.1355932 0.2033898 0.2295082 0.2711864 0.2333333 0.2459016 0.3000000 0.1864407 0.1864407 0.2295082 0.2258065 0.3220339 0.3728814 0.1694915 0.4354839 0.2203390 0.2000000 0.2203390 0.2033898 0.2380952 0.2372881 0.3559322 0.2372881 0.4262295 0.2711864 0.2380952 0.5000000 0.3220339 0.5245902 0.3220339 0.3728814 0.3389831 0.3389831 0.2711864 0.3559322 0.3389831 0.4745763 0.4576271 0.5593220 0.5423729 0.5423729 0.5593220
gi|5035429 0.2622951 0.2622951 0.3333333 0.2786885 0.2666667 0.2741935 0.3166667 0.3064516 0.3166667 0.2881356 0.3050847 0.2758621 0.1896552 0.1694915 0.0000000 0.1228070 0.1228070 0.1355932 0.2542373 0.2950820 0.3050847 0.2666667 0.2950820 0.3166667 0.2542373 0.2542373 0.2786885 0.2741935 0.2982456 0.3508772 0.2241379 0.4193548 0.2881356 0.2500000 0.2456140 0.1754386 0.2857143 0.2456140 0.3333333 0.2807018 0.4262295 0.2631579 0.2857143 0.5000000 0.2982456 0.4918033 0.2982456 0.3508772 0.2807018 0.2982456 0.2413793 0.3333333 0.3275862 0.4912281 0.4385965 0.5614035 0.5438596 0.5438596 0.5438596
gi|1386580 0.3114754 0.3114754 0.3666667 0.3278689 0.3166667 0.3225806 0.3500000 0.3548387 0.3666667 0.3220339 0.3220339 0.3103448 0.2413793 0.2203390 0.1228070 0.0000000 0.1754386 0.1694915 0.2542373 0.2786885 0.3050847 0.2833333 0.2786885 0.3166667 0.2542373 0.2542373 0.2786885 0.2741935 0.2982456 0.3859649 0.2241379 0.4354839 0.2881356 0.2500000 0.2456140 0.2280702 0.2857143 0.2456140 0.3859649 0.2807018 0.4426230 0.2631579 0.2857143 0.5166667 0.3508772 0.4918033 0.3508772 0.4035088 0.3333333 0.3508772 0.2586207 0.3684211 0.3620690 0.4912281 0.4385965 0.5614035 0.5614035 0.5614035 0.5438596
gi|5035416 0.2786885 0.2786885 0.3500000 0.2950820 0.2833333 0.2903226 0.3333333 0.3225806 0.3333333 0.2881356 0.3220339 0.2758621 0.2068966 0.1525424 0.1228070 0.1754386 0.0000000 0.1186441 0.2711864 0.2950820 0.3050847 0.2833333 0.2950820 0.3166667 0.2542373 0.2542373 0.2786885 0.2741935 0.3157895 0.3508772 0.2241379 0.4193548 0.2881356 0.2666667 0.2631579 0.1607143 0.2857143 0.2500000 0.3214286 0.2678571 0.4262295 0.2678571 0.2857143 0.5000000 0.2857143 0.4918033 0.2857143 0.3392857 0.3157895 0.3214286 0.2413793 0.3333333 0.3275862 0.4912281 0.4285714 0.5178571 0.5357143 0.5357143 0.5357143
gi|5838482 0.2459016 0.2459016 0.3000000 0.2622951 0.2500000 0.2741935 0.3000000 0.3064516 0.3000000 0.2542373 0.2881356 0.2542373 0.1864407 0.1355932 0.1355932 0.1694915 0.1186441 0.0000000 0.2372881 0.2622951 0.2711864 0.2500000 0.2622951 0.2833333 0.2203390 0.2203390 0.2459016 0.2419355 0.2881356 0.3559322 0.2203390 0.3709677 0.2542373 0.2333333 0.2542373 0.1864407 0.2539683 0.2542373 0.3389831 0.2711864 0.3770492 0.2711864 0.2539683 0.4333333 0.2881356 0.4590164 0.2881356 0.3559322 0.3050847 0.3389831 0.2033898 0.3389831 0.3220339 0.4745763 0.4406780 0.5254237 0.5254237 0.5254237 0.5423729
gi|5021144 0.3114754 0.3114754 0.3500000 0.3278689 0.3000000 0.3225806 0.3500000 0.3225806 0.3500000 0.3389831 0.3389831 0.3220339 0.3050847 0.2033898 0.2542373 0.2542373 0.2711864 0.2372881 0.0000000 0.1475410 0.1525424 0.2333333 0.1475410 0.2166667 0.1525424 0.1525424 0.1803279 0.1774194 0.2372881 0.4576271 0.1864407 0.5000000 0.1864407 0.1833333 0.2203390 0.2881356 0.2539683 0.2542373 0.4406780 0.2542373 0.5081967 0.2881356 0.2539683 0.5500000 0.3728814 0.5409836 0.3728814 0.4406780 0.3898305 0.4067797 0.3728814 0.4237288 0.4067797 0.5084746 0.5084746 0.5932203 0.5762712 0.5762712 0.5932203
gi|5027183 0.3278689 0.3278689 0.3770492 0.3278689 0.3278689 0.3387097 0.3770492 0.3548387 0.3606557 0.3770492 0.3770492 0.3606557 0.3114754 0.2295082 0.2950820 0.2786885 0.2950820 0.2622951 0.1475410 0.0000000 0.1639344 0.1967213 0.0819672 0.2131148 0.1967213 0.1967213 0.1311475 0.1290323 0.2622951 0.4590164 0.1967213 0.4677419 0.1967213 0.1311475 0.1803279 0.3278689 0.2698413 0.2295082 0.4262295 0.2459016 0.4918033 0.2459016 0.2698413 0.5573770 0.3934426 0.5409836 0.3934426 0.4426230 0.4098361 0.4098361 0.3934426 0.4098361 0.3934426 0.4754098 0.4754098 0.5737705 0.5573770 0.5573770 0.5737705
gi|5053946 0.3442623 0.3442623 0.4000000 0.3606557 0.3500000 0.3548387 0.4000000 0.3709677 0.4000000 0.3559322 0.3728814 0.3389831 0.3050847 0.2711864 0.3050847 0.3050847 0.3050847 0.2711864 0.1525424 0.1639344 0.0000000 0.2500000 0.1803279 0.2333333 0.2033898 0.2033898 0.2131148 0.2096774 0.2881356 0.4576271 0.2203390 0.5322581 0.1864407 0.2166667 0.2542373 0.3559322 0.2857143 0.3050847 0.4406780 0.2711864 0.5409836 0.3220339 0.2857143 0.5666667 0.4067797 0.5573770 0.4067797 0.4406780 0.4067797 0.4237288 0.4067797 0.4237288 0.4067797 0.5084746 0.5423729 0.5932203 0.5762712 0.5762712 0.5932203
gi|1427799 0.3606557 0.3606557 0.4000000 0.3770492 0.3500000 0.3709677 0.4166667 0.3870968 0.4000000 0.4000000 0.4000000 0.3833333 0.2666667 0.2333333 0.2666667 0.2833333 0.2833333 0.2500000 0.2333333 0.1967213 0.2500000 0.0000000 0.1803279 0.2666667 0.2000000 0.2000000 0.1311475 0.1290323 0.3166667 0.4500000 0.2166667 0.5161290 0.2000000 0.1333333 0.1666667 0.3000000 0.2380952 0.1833333 0.4333333 0.2333333 0.5409836 0.2000000 0.2380952 0.5500000 0.4166667 0.5737705 0.4166667 0.4333333 0.4166667 0.4166667 0.3666667 0.4166667 0.4000000 0.4333333 0.4500000 0.5833333 0.5666667 0.5666667 0.5833333
gi|5043250 0.3278689 0.3278689 0.3770492 0.3278689 0.3278689 0.3387097 0.3770492 0.3548387 0.3770492 0.3606557 0.3606557 0.3442623 0.3114754 0.2459016 0.2950820 0.2786885 0.2950820 0.2622951 0.1475410 0.0819672 0.1803279 0.1803279 0.0000000 0.2131148 0.1803279 0.1803279 0.1147541 0.1290323 0.2622951 0.4590164 0.1967213 0.4677419 0.1803279 0.1311475 0.1803279 0.3278689 0.2698413 0.2295082 0.4262295 0.2459016 0.4918033 0.2459016 0.2698413 0.5573770 0.3934426 0.5409836 0.4098361 0.4426230 0.4098361 0.4098361 0.3934426 0.4098361 0.3934426 0.4754098 0.4754098 0.5737705 0.5409836 0.5409836 0.5737705
gi|1062516 0.3278689 0.3278689 0.4000000 0.3606557 0.3166667 0.3548387 0.3500000 0.3870968 0.4000000 0.3500000 0.3333333 0.3500000 0.3166667 0.3000000 0.3166667 0.3166667 0.3166667 0.2833333 0.2166667 0.2131148 0.2333333 0.2666667 0.2131148 0.0000000 0.2500000 0.2500000 0.2295082 0.2258065 0.3000000 0.4666667 0.2500000 0.4677419 0.2333333 0.2166667 0.2666667 0.3666667 0.3174603 0.2833333 0.4000000 0.3000000 0.5081967 0.3333333 0.3174603 0.5500000 0.4166667 0.5573770 0.3833333 0.4333333 0.4166667 0.4166667 0.4333333 0.4333333 0.4000000 0.5333333 0.5166667 0.5833333 0.5500000 0.5500000 0.5833333
gi|1381585 0.3606557 0.3606557 0.4166667 0.3770492 0.3500000 0.3870968 0.4166667 0.4032258 0.4166667 0.3728814 0.3728814 0.3559322 0.2881356 0.1864407 0.2542373 0.2542373 0.2542373 0.2203390 0.1525424 0.1967213 0.2033898 0.2000000 0.1803279 0.2500000 0.0000000 0.1016949 0.1475410 0.1451613 0.2881356 0.4237288 0.1355932 0.5322581 0.1525424 0.1666667 0.2033898 0.2711864 0.1904762 0.2372881 0.4406780 0.2372881 0.5409836 0.2542373 0.1904762 0.5666667 0.4067797 0.5573770 0.4067797 0.4406780 0.3898305 0.4067797 0.3220339 0.4067797 0.3898305 0.4915254 0.4745763 0.5932203 0.5762712 0.5762712 0.5932203
gi|4976759 0.3606557 0.3606557 0.4166667 0.3770492 0.3500000 0.3870968 0.4166667 0.4032258 0.4166667 0.3728814 0.3728814 0.3559322 0.2881356 0.1864407 0.2542373 0.2542373 0.2542373 0.2203390 0.1525424 0.1967213 0.2033898 0.2000000 0.1803279 0.2500000 0.1016949 0.0000000 0.1475410 0.1451613 0.2881356 0.4237288 0.1355932 0.5322581 0.1525424 0.1666667 0.2033898 0.2711864 0.1904762 0.2372881 0.4406780 0.2372881 0.5409836 0.2542373 0.1904762 0.5666667 0.4067797 0.5573770 0.4067797 0.4406780 0.3898305 0.4067797 0.3220339 0.4067797 0.3898305 0.4915254 0.4745763 0.5932203 0.5762712 0.5762712 0.5932203
gi|5021171 0.3442623 0.3442623 0.3934426 0.3606557 0.3606557 0.3709677 0.4098361 0.3870968 0.3934426 0.3934426 0.3934426 0.3934426 0.2950820 0.2295082 0.2786885 0.2786885 0.2786885 0.2459016 0.1803279 0.1311475 0.2131148 0.1311475 0.1147541 0.2295082 0.1475410 0.1475410 0.0000000 0.0806452 0.3114754 0.4590164 0.1639344 0.5000000 0.1639344 0.0819672 0.1311475 0.2950820 0.2380952 0.1639344 0.4262295 0.2131148 0.4918033 0.1803279 0.2380952 0.5737705 0.4098361 0.5573770 0.4098361 0.4426230 0.4098361 0.4098361 0.3606557 0.3934426 0.3770492 0.4426230 0.4426230 0.5737705 0.5409836 0.5409836 0.5737705
gi|4976778 0.3387097 0.3387097 0.3870968 0.3548387 0.3548387 0.3548387 0.4032258 0.3709677 0.3870968 0.3870968 0.3870968 0.3709677 0.2903226 0.2258065 0.2741935 0.2741935 0.2741935 0.2419355 0.1774194 0.1290323 0.2096774 0.1290323 0.1290323 0.2258065 0.1451613 0.1451613 0.0806452 0.0000000 0.3064516 0.4516129 0.1774194 0.4838710 0.1451613 0.0806452 0.1290323 0.3064516 0.2063492 0.1612903 0.4193548 0.2096774 0.5000000 0.1774194 0.2063492 0.5645161 0.4032258 0.5483871 0.4193548 0.4354839 0.4032258 0.4193548 0.3548387 0.3870968 0.3709677 0.4354839 0.4354839 0.5806452 0.5483871 0.5483871 0.5645161
gi|9391519 0.3606557 0.3606557 0.3666667 0.3606557 0.3500000 0.3548387 0.3666667 0.3548387 0.3500000 0.3728814 0.3728814 0.3275862 0.3448276 0.3220339 0.2982456 0.2982456 0.3157895 0.2881356 0.2372881 0.2622951 0.2881356 0.3166667 0.2622951 0.3000000 0.2881356 0.2881356 0.3114754 0.3064516 0.0000000 0.4210526 0.2758621 0.4677419 0.3050847 0.3000000 0.2807018 0.3157895 0.3333333 0.2807018 0.4385965 0.2982456 0.4590164 0.3157895 0.3333333 0.5333333 0.3859649 0.5245902 0.3859649 0.4385965 0.3508772 0.3684211 0.3448276 0.4035088 0.3965517 0.5087719 0.4912281 0.5789474 0.5614035 0.5614035 0.5438596
gi|1002166 0.4262295 0.4262295 0.4333333 0.4426230 0.4166667 0.4354839 0.4333333 0.4354839 0.4500000 0.4237288 0.4576271 0.3965517 0.3965517 0.3728814 0.3508772 0.3859649 0.3508772 0.3559322 0.4576271 0.4590164 0.4576271 0.4500000 0.4590164 0.4666667 0.4237288 0.4237288 0.4590164 0.4516129 0.4210526 0.0000000 0.3965517 0.4838710 0.4406780 0.4166667 0.4210526 0.3508772 0.4444444 0.4210526 0.4561404 0.4385965 0.4754098 0.4210526 0.4444444 0.5500000 0.3859649 0.5573770 0.3859649 0.4561404 0.3684211 0.3684211 0.3103448 0.3859649 0.3793103 0.5438596 0.5087719 0.6315789 0.5263158 0.5263158 0.5438596
gi|5542098 0.3278689 0.3278689 0.3666667 0.3278689 0.3166667 0.3387097 0.3500000 0.3548387 0.3666667 0.3559322 0.3559322 0.3448276 0.2758621 0.1694915 0.2241379 0.2241379 0.2241379 0.2203390 0.1864407 0.1967213 0.2203390 0.2166667 0.1967213 0.2500000 0.1355932 0.1355932 0.1639344 0.1774194 0.2758621 0.3965517 0.0000000 0.5000000 0.1694915 0.1500000 0.1724138 0.2758621 0.2063492 0.2068966 0.4137931 0.2068966 0.5081967 0.2413793 0.2063492 0.5666667 0.3793103 0.5573770 0.3793103 0.4310345 0.3793103 0.3793103 0.3103448 0.3965517 0.3793103 0.4655172 0.4482759 0.5689655 0.5689655 0.5689655 0.5689655
gi|6366656 0.3387097 0.3387097 0.3548387 0.3387097 0.3387097 0.3387097 0.3709677 0.3387097 0.3548387 0.4354839 0.4032258 0.4193548 0.4354839 0.4354839 0.4193548 0.4354839 0.4193548 0.3709677 0.5000000 0.4677419 0.5322581 0.5161290 0.4677419 0.4677419 0.5322581 0.5322581 0.5000000 0.4838710 0.4677419 0.4838710 0.5000000 0.0000000 0.4838710 0.4677419 0.5000000 0.4677419 0.4920635 0.5161290 0.4193548 0.5161290 0.3548387 0.5000000 0.4920635 0.4354839 0.4516129 0.5000000 0.4354839 0.4516129 0.4838710 0.4838710 0.4838710 0.5000000 0.4838710 0.5322581 0.5967742 0.6129032 0.5645161 0.5645161 0.5967742
gi|1062516 0.3934426 0.3934426 0.4500000 0.4098361 0.3833333 0.4032258 0.4500000 0.4354839 0.4500000 0.4067797 0.4067797 0.3898305 0.3050847 0.2203390 0.2881356 0.2881356 0.2881356 0.2542373 0.1864407 0.1967213 0.1864407 0.2000000 0.1803279 0.2333333 0.1525424 0.1525424 0.1639344 0.1451613 0.3050847 0.4406780 0.1694915 0.4838710 0.0000000 0.1666667 0.2033898 0.3220339 0.2539683 0.2372881 0.4406780 0.2372881 0.5573770 0.2711864 0.2539683 0.6000000 0.4237288 0.5901639 0.4237288 0.4406780 0.4237288 0.4237288 0.3559322 0.4067797 0.3898305 0.4915254 0.4745763 0.5932203 0.5762712 0.5762712 0.5932203
gi|3891959 0.3114754 0.3114754 0.3666667 0.3278689 0.3166667 0.3387097 0.3666667 0.3709677 0.3666667 0.3666667 0.3666667 0.3666667 0.2833333 0.2000000 0.2500000 0.2500000 0.2666667 0.2333333 0.1833333 0.1311475 0.2166667 0.1333333 0.1311475 0.2166667 0.1666667 0.1666667 0.0819672 0.0806452 0.3000000 0.4166667 0.1500000 0.4677419 0.1666667 0.0000000 0.1166667 0.3166667 0.2380952 0.1500000 0.4166667 0.1833333 0.4918033 0.1500000 0.2380952 0.5500000 0.4000000 0.5409836 0.4000000 0.4166667 0.4000000 0.3833333 0.3500000 0.3833333 0.3500000 0.4166667 0.4166667 0.5666667 0.5333333 0.5333333 0.5500000
gi|1578315 0.3442623 0.3442623 0.3833333 0.3442623 0.3333333 0.3548387 0.3833333 0.3870968 0.3833333 0.3898305 0.3898305 0.3620690 0.2931034 0.2203390 0.2456140 0.2456140 0.2631579 0.2542373 0.2203390 0.1803279 0.2542373 0.1666667 0.1803279 0.2666667 0.2033898 0.2033898 0.1311475 0.1290323 0.2807018 0.4210526 0.1724138 0.5000000 0.2033898 0.1166667 0.0000000 0.2982456 0.2698413 0.1228070 0.4035088 0.1578947 0.5081967 0.1403509 0.2698413 0.5500000 0.3859649 0.5573770 0.3859649 0.4210526 0.3859649 0.3859649 0.3448276 0.3684211 0.3620690 0.3859649 0.4035088 0.5964912 0.5438596 0.5438596 0.5438596
gi|5035417 0.3278689 0.3278689 0.3833333 0.3278689 0.3166667 0.3387097 0.3833333 0.3548387 0.3666667 0.3220339 0.3728814 0.3103448 0.2586207 0.2033898 0.1754386 0.2280702 0.1607143 0.1864407 0.2881356 0.3278689 0.3559322 0.3000000 0.3278689 0.3666667 0.2711864 0.2711864 0.2950820 0.3064516 0.3157895 0.3508772 0.2758621 0.4677419 0.3220339 0.3166667 0.2982456 0.0000000 0.3174603 0.2857143 0.3207547 0.3035714 0.4754098 0.3214286 0.3174603 0.5333333 0.2641509 0.5409836 0.2452830 0.3207547 0.3508772 0.3571429 0.2758621 0.3859649 0.3793103 0.5087719 0.4150943 0.5660377 0.5090909 0.5090909 0.5283019
gi|1009083 0.3968254 0.3968254 0.4444444 0.3968254 0.3968254 0.3968254 0.4444444 0.4126984 0.4444444 0.4126984 0.4126984 0.4126984 0.3492063 0.2380952 0.2857143 0.2857143 0.2857143 0.2539683 0.2539683 0.2698413 0.2857143 0.2380952 0.2698413 0.3174603 0.1904762 0.1904762 0.2380952 0.2063492 0.3333333 0.4444444 0.2063492 0.4920635 0.2539683 0.2380952 0.2698413 0.3174603 0.0000000 0.2698413 0.4761905 0.2857143 0.5396825 0.3015873 0.0952381 0.6031746 0.4444444 0.5873016 0.4444444 0.4761905 0.4444444 0.4603175 0.3809524 0.4603175 0.4444444 0.5396825 0.5079365 0.6190476 0.6031746 0.6031746 0.6349206
gi|1094959 0.3442623 0.3442623 0.4000000 0.3606557 0.3500000 0.3709677 0.4000000 0.4032258 0.4000000 0.4067797 0.4067797 0.3965517 0.3103448 0.2372881 0.2456140 0.2456140 0.2500000 0.2542373 0.2542373 0.2295082 0.3050847 0.1833333 0.2295082 0.2833333 0.2372881 0.2372881 0.1639344 0.1612903 0.2807018 0.4210526 0.2068966 0.5161290 0.2372881 0.1500000 0.1228070 0.2857143 0.2698413 0.0000000 0.4107143 0.1785714 0.4918033 0.1607143 0.2857143 0.5666667 0.3928571 0.5573770 0.3928571 0.4107143 0.4035088 0.3928571 0.3620690 0.3859649 0.3793103 0.4210526 0.4107143 0.5714286 0.5357143 0.5357143 0.5535714
gi|1011526 0.2459016 0.2459016 0.2833333 0.2950820 0.2333333 0.2903226 0.2833333 0.3064516 0.3166667 0.3220339 0.3220339 0.2931034 0.3103448 0.3559322 0.3333333 0.3859649 0.3214286 0.3389831 0.4406780 0.4262295 0.4406780 0.4333333 0.4262295 0.4000000 0.4406780 0.4406780 0.4262295 0.4193548 0.4385965 0.4561404 0.4137931 0.4193548 0.4406780 0.4166667 0.4035088 0.3207547 0.4761905 0.4107143 0.0000000 0.4107143 0.4754098 0.3928571 0.4761905 0.4833333 0.3333333 0.5245902 0.2941176 0.1960784 0.3157895 0.3214286 0.3448276 0.3508772 0.3448276 0.5087719 0.5686275 0.5098039 0.5272727 0.5272727 0.5294118
gi|1147936 0.3770492 0.3770492 0.4166667 0.3770492 0.3666667 0.3870968 0.4166667 0.4032258 0.4166667 0.4067797 0.4237288 0.3965517 0.3103448 0.2372881 0.2807018 0.2807018 0.2678571 0.2711864 0.2542373 0.2459016 0.2711864 0.2333333 0.2459016 0.3000000 0.2372881 0.2372881 0.2131148 0.2096774 0.2982456 0.4385965 0.2068966 0.5161290 0.2372881 0.1833333 0.1578947 0.3035714 0.2857143 0.1785714 0.4107143 0.0000000 0.5245902 0.2142857 0.2698413 0.5500000 0.4107143 0.5901639 0.4107143 0.4285714 0.4210526 0.4107143 0.3793103 0.4035088 0.3793103 0.4561404 0.4464286 0.6071429 0.5357143 0.5357143 0.5535714
gi|6366656 0.3442623 0.3442623 0.3606557 0.3442623 0.3442623 0.3548387 0.3606557 0.3548387 0.3606557 0.4590164 0.4262295 0.4262295 0.4426230 0.4262295 0.4262295 0.4426230 0.4262295 0.3770492 0.5081967 0.4918033 0.5409836 0.5409836 0.4918033 0.5081967 0.5409836 0.5409836 0.4918033 0.5000000 0.4590164 0.4754098 0.5081967 0.3548387 0.5573770 0.4918033 0.5081967 0.4754098 0.5396825 0.4918033 0.4754098 0.5245902 0.0000000 0.4918033 0.5238095 0.4426230 0.4426230 0.4918033 0.4262295 0.4754098 0.4918033 0.4918033 0.4918033 0.5245902 0.5081967 0.5573770 0.6065574 0.6229508 0.5737705 0.5737705 0.5901639
gi|1578301 0.3606557 0.3606557 0.4000000 0.3606557 0.3500000 0.3548387 0.4000000 0.4032258 0.4000000 0.4067797 0.3898305 0.3965517 0.3103448 0.2711864 0.2631579 0.2631579 0.2678571 0.2711864 0.2881356 0.2459016 0.3220339 0.2000000 0.2459016 0.3333333 0.2542373 0.2542373 0.1803279 0.1774194 0.3157895 0.4210526 0.2413793 0.5000000 0.2711864 0.1500000 0.1403509 0.3214286 0.3015873 0.1607143 0.3928571 0.2142857 0.4918033 0.0000000 0.3174603 0.5500000 0.3928571 0.5409836 0.4107143 0.4285714 0.4035088 0.4107143 0.3793103 0.4035088 0.3965517 0.4035088 0.4464286 0.5714286 0.5178571 0.5178571 0.5357143
gi|1130619 0.3968254 0.3968254 0.4444444 0.3968254 0.3968254 0.3968254 0.4444444 0.4126984 0.4444444 0.4126984 0.4126984 0.4126984 0.3492063 0.2380952 0.2857143 0.2857143 0.2857143 0.2539683 0.2539683 0.2698413 0.2857143 0.2380952 0.2698413 0.3174603 0.1904762 0.1904762 0.2380952 0.2063492 0.3333333 0.4444444 0.2063492 0.4920635 0.2539683 0.2380952 0.2698413 0.3174603 0.0952381 0.2857143 0.4761905 0.2698413 0.5238095 0.3174603 0.0000000 0.6031746 0.4444444 0.5873016 0.4444444 0.4761905 0.4444444 0.4603175 0.3809524 0.4603175 0.4444444 0.5396825 0.5079365 0.6190476 0.6031746 0.6031746 0.6349206
gi|6366656 0.4262295 0.4262295 0.4166667 0.4098361 0.4166667 0.4354839 0.4166667 0.4193548 0.4333333 0.5000000 0.4833333 0.4833333 0.5166667 0.5000000 0.5000000 0.5166667 0.5000000 0.4333333 0.5500000 0.5573770 0.5666667 0.5500000 0.5573770 0.5500000 0.5666667 0.5666667 0.5737705 0.5645161 0.5333333 0.5500000 0.5666667 0.4354839 0.6000000 0.5500000 0.5500000 0.5333333 0.6031746 0.5666667 0.4833333 0.5500000 0.4426230 0.5500000 0.6031746 0.0000000 0.5333333 0.4590164 0.5166667 0.5166667 0.5166667 0.5166667 0.5000000 0.5666667 0.5500000 0.5666667 0.6333333 0.6500000 0.5833333 0.5833333 0.6000000
gi|1011526 0.2786885 0.2786885 0.3333333 0.3114754 0.2833333 0.3064516 0.3166667 0.3548387 0.3500000 0.2881356 0.3559322 0.2758621 0.3793103 0.3220339 0.2982456 0.3508772 0.2857143 0.2881356 0.3728814 0.3934426 0.4067797 0.4166667 0.3934426 0.4166667 0.4067797 0.4067797 0.4098361 0.4032258 0.3859649 0.3859649 0.3793103 0.4516129 0.4237288 0.4000000 0.3859649 0.2641509 0.4444444 0.3928571 0.3333333 0.4107143 0.4426230 0.3928571 0.4444444 0.5333333 0.0000000 0.5081967 0.1372549 0.3000000 0.3684211 0.3750000 0.3275862 0.4385965 0.4137931 0.5438596 0.4400000 0.5800000 0.5090909 0.5090909 0.5000000
gi|3399611 0.4590164 0.4590164 0.4590164 0.4590164 0.4426230 0.4354839 0.4426230 0.4354839 0.4590164 0.5245902 0.5081967 0.5081967 0.5737705 0.5245902 0.4918033 0.4918033 0.4918033 0.4590164 0.5409836 0.5409836 0.5573770 0.5737705 0.5409836 0.5573770 0.5573770 0.5573770 0.5573770 0.5483871 0.5245902 0.5573770 0.5573770 0.5000000 0.5901639 0.5409836 0.5573770 0.5409836 0.5873016 0.5573770 0.5245902 0.5901639 0.4918033 0.5409836 0.5873016 0.4590164 0.5081967 0.0000000 0.5245902 0.5245902 0.5409836 0.5409836 0.5245902 0.5737705 0.5573770 0.5409836 0.6065574 0.6229508 0.5737705 0.5737705 0.5901639
gi|1011534 0.2622951 0.2622951 0.3166667 0.3114754 0.2666667 0.3064516 0.3166667 0.3225806 0.3333333 0.2372881 0.2881356 0.2413793 0.3620690 0.3220339 0.2982456 0.3508772 0.2857143 0.2881356 0.3728814 0.3934426 0.4067797 0.4166667 0.4098361 0.3833333 0.4067797 0.4067797 0.4098361 0.4193548 0.3859649 0.3859649 0.3793103 0.4354839 0.4237288 0.4000000 0.3859649 0.2452830 0.4444444 0.3928571 0.2941176 0.4107143 0.4262295 0.4107143 0.4444444 0.5166667 0.1372549 0.5245902 0.0000000 0.2745098 0.3508772 0.3571429 0.3448276 0.4035088 0.3793103 0.5438596 0.4509804 0.5882353 0.4909091 0.4909091 0.4901961
gi|1011534 0.3114754 0.3114754 0.3500000 0.3442623 0.3166667 0.3548387 0.3500000 0.3709677 0.3666667 0.2372881 0.3389831 0.2068966 0.3620690 0.3728814 0.3508772 0.4035088 0.3392857 0.3559322 0.4406780 0.4426230 0.4406780 0.4333333 0.4426230 0.4333333 0.4406780 0.4406780 0.4426230 0.4354839 0.4385965 0.4561404 0.4310345 0.4516129 0.4406780 0.4166667 0.4210526 0.3207547 0.4761905 0.4107143 0.1960784 0.4285714 0.4754098 0.4285714 0.4761905 0.5166667 0.3000000 0.5245902 0.2745098 0.0000000 0.3508772 0.3392857 0.3448276 0.3508772 0.3448276 0.5263158 0.5600000 0.5000000 0.5090909 0.5090909 0.5200000
gi|1188287 0.3278689 0.3278689 0.3333333 0.3606557 0.3166667 0.3387097 0.3166667 0.3387097 0.3666667 0.3389831 0.3728814 0.3103448 0.3448276 0.3389831 0.2807018 0.3333333 0.3157895 0.3050847 0.3898305 0.4098361 0.4067797 0.4166667 0.4098361 0.4166667 0.3898305 0.3898305 0.4098361 0.4032258 0.3508772 0.3684211 0.3793103 0.4838710 0.4237288 0.4000000 0.3859649 0.3508772 0.4444444 0.4035088 0.3157895 0.4210526 0.4918033 0.4035088 0.4444444 0.5166667 0.3684211 0.5409836 0.3508772 0.3508772 0.0000000 0.1228070 0.2241379 0.2631579 0.2586207 0.5263158 0.5614035 0.5789474 0.5263158 0.5263158 0.5438596
gi|1188286 0.3278689 0.3278689 0.3333333 0.3606557 0.3166667 0.3548387 0.3333333 0.3548387 0.3666667 0.3220339 0.3728814 0.2931034 0.3448276 0.3389831 0.2982456 0.3508772 0.3214286 0.3389831 0.4067797 0.4098361 0.4237288 0.4166667 0.4098361 0.4166667 0.4067797 0.4067797 0.4098361 0.4193548 0.3684211 0.3684211 0.3793103 0.4838710 0.4237288 0.3833333 0.3859649 0.3571429 0.4603175 0.3928571 0.3214286 0.4107143 0.4918033 0.4107143 0.4603175 0.5166667 0.3750000 0.5409836 0.3571429 0.3392857 0.1228070 0.0000000 0.2241379 0.2631579 0.2413793 0.5438596 0.5714286 0.5714286 0.5178571 0.5178571 0.5535714
gi|8511881 0.2950820 0.2950820 0.3166667 0.3278689 0.2833333 0.3064516 0.3000000 0.3064516 0.3333333 0.3050847 0.3559322 0.2758621 0.2931034 0.2711864 0.2413793 0.2586207 0.2413793 0.2033898 0.3728814 0.3934426 0.4067797 0.3666667 0.3934426 0.4333333 0.3220339 0.3220339 0.3606557 0.3548387 0.3448276 0.3103448 0.3103448 0.4838710 0.3559322 0.3500000 0.3448276 0.2758621 0.3809524 0.3620690 0.3448276 0.3793103 0.4918033 0.3793103 0.3809524 0.5000000 0.3275862 0.5245902 0.3448276 0.3448276 0.2241379 0.2241379 0.0000000 0.2586207 0.2241379 0.5000000 0.5000000 0.5517241 0.5000000 0.5000000 0.5172414
gi|4963623 0.3770492 0.3770492 0.3833333 0.4098361 0.3666667 0.4032258 0.3833333 0.4032258 0.4166667 0.3728814 0.4237288 0.3448276 0.3275862 0.3559322 0.3333333 0.3684211 0.3333333 0.3389831 0.4237288 0.4098361 0.4237288 0.4166667 0.4098361 0.4333333 0.4067797 0.4067797 0.3934426 0.3870968 0.4035088 0.3859649 0.3965517 0.5000000 0.4067797 0.3833333 0.3684211 0.3859649 0.4603175 0.3859649 0.3508772 0.4035088 0.5245902 0.4035088 0.4603175 0.5666667 0.4385965 0.5737705 0.4035088 0.3508772 0.2631579 0.2631579 0.2586207 0.0000000 0.1551724 0.5087719 0.5438596 0.5438596 0.5614035 0.5614035 0.5438596
gi|5035033 0.3442623 0.3442623 0.3666667 0.3770492 0.3500000 0.3870968 0.3666667 0.3870968 0.4000000 0.3559322 0.4067797 0.3275862 0.3103448 0.3389831 0.3275862 0.3620690 0.3275862 0.3220339 0.4067797 0.3934426 0.4067797 0.4000000 0.3934426 0.4000000 0.3898305 0.3898305 0.3770492 0.3709677 0.3965517 0.3793103 0.3793103 0.4838710 0.3898305 0.3500000 0.3620690 0.3793103 0.4444444 0.3793103 0.3448276 0.3793103 0.5081967 0.3965517 0.4444444 0.5500000 0.4137931 0.5573770 0.3793103 0.3448276 0.2586207 0.2413793 0.2241379 0.1551724 0.0000000 0.5000000 0.5344828 0.5344828 0.5344828 0.5344828 0.5344828
gi|1227483 0.5245902 0.5245902 0.5333333 0.5245902 0.5333333 0.5322581 0.5333333 0.5322581 0.5333333 0.5762712 0.5593220 0.5344828 0.5172414 0.4745763 0.4912281 0.4912281 0.4912281 0.4745763 0.5084746 0.4754098 0.5084746 0.4333333 0.4754098 0.5333333 0.4915254 0.4915254 0.4426230 0.4354839 0.5087719 0.5438596 0.4655172 0.5322581 0.4915254 0.4166667 0.3859649 0.5087719 0.5396825 0.4210526 0.5087719 0.4561404 0.5573770 0.4035088 0.5396825 0.5666667 0.5438596 0.5409836 0.5438596 0.5263158 0.5263158 0.5438596 0.5000000 0.5087719 0.5000000 0.0000000 0.5263158 0.6140351 0.5438596 0.5438596 0.5438596
gi|913749| 0.5409836 0.5409836 0.5666667 0.5573770 0.5333333 0.5483871 0.5333333 0.5483871 0.5666667 0.5593220 0.5762712 0.5517241 0.5000000 0.4576271 0.4385965 0.4385965 0.4285714 0.4406780 0.5084746 0.4754098 0.5423729 0.4500000 0.4754098 0.5166667 0.4745763 0.4745763 0.4426230 0.4354839 0.4912281 0.5087719 0.4482759 0.5967742 0.4745763 0.4166667 0.4035088 0.4150943 0.5079365 0.4107143 0.5686275 0.4464286 0.6065574 0.4464286 0.5079365 0.6333333 0.4400000 0.6065574 0.4509804 0.5600000 0.5614035 0.5714286 0.5000000 0.5438596 0.5344828 0.5263158 0.0000000 0.6190476 0.5636364 0.5636364 0.5400000
gi|5838477 0.5737705 0.5737705 0.5666667 0.5737705 0.5666667 0.5645161 0.5666667 0.5483871 0.5666667 0.5932203 0.5762712 0.5517241 0.5517241 0.5593220 0.5614035 0.5614035 0.5178571 0.5254237 0.5932203 0.5737705 0.5932203 0.5833333 0.5737705 0.5833333 0.5932203 0.5932203 0.5737705 0.5806452 0.5789474 0.6315789 0.5689655 0.6129032 0.5932203 0.5666667 0.5964912 0.5660377 0.6190476 0.5714286 0.5098039 0.6071429 0.6229508 0.5714286 0.6190476 0.6500000 0.5800000 0.6229508 0.5882353 0.5000000 0.5789474 0.5714286 0.5517241 0.5438596 0.5344828 0.6140351 0.6190476 0.0000000 0.6000000 0.6000000 0.6200000
gi|9280631 0.5573770 0.5573770 0.5666667 0.5573770 0.5500000 0.5483871 0.5500000 0.5483871 0.5666667 0.5593220 0.5593220 0.5344828 0.5344828 0.5423729 0.5438596 0.5614035 0.5357143 0.5254237 0.5762712 0.5573770 0.5762712 0.5666667 0.5409836 0.5500000 0.5762712 0.5762712 0.5409836 0.5483871 0.5614035 0.5263158 0.5689655 0.5645161 0.5762712 0.5333333 0.5438596 0.5090909 0.6031746 0.5357143 0.5272727 0.5357143 0.5737705 0.5178571 0.6031746 0.5833333 0.5090909 0.5737705 0.4909091 0.5090909 0.5263158 0.5178571 0.5000000 0.5614035 0.5344828 0.5438596 0.5636364 0.6000000 0.0000000 0.0909091 0.5272727
gi|9280807 0.5573770 0.5573770 0.5666667 0.5573770 0.5500000 0.5483871 0.5500000 0.5483871 0.5666667 0.5593220 0.5593220 0.5344828 0.5344828 0.5423729 0.5438596 0.5614035 0.5357143 0.5254237 0.5762712 0.5573770 0.5762712 0.5666667 0.5409836 0.5500000 0.5762712 0.5762712 0.5409836 0.5483871 0.5614035 0.5263158 0.5689655 0.5645161 0.5762712 0.5333333 0.5438596 0.5090909 0.6031746 0.5357143 0.5272727 0.5357143 0.5737705 0.5178571 0.6031746 0.5833333 0.5090909 0.5737705 0.4909091 0.5090909 0.5263158 0.5178571 0.5000000 0.5614035 0.5344828 0.5438596 0.5636364 0.6000000 0.0909091 0.0000000 0.5272727
gi|1176623 0.5901639 0.5901639 0.6000000 0.5901639 0.5833333 0.5645161 0.6166667 0.5645161 0.6000000 0.6101695 0.6101695 0.5689655 0.5862069 0.5593220 0.5438596 0.5438596 0.5357143 0.5423729 0.5932203 0.5737705 0.5932203 0.5833333 0.5737705 0.5833333 0.5932203 0.5932203 0.5737705 0.5645161 0.5438596 0.5438596 0.5689655 0.5967742 0.5932203 0.5500000 0.5438596 0.5283019 0.6349206 0.5535714 0.5294118 0.5535714 0.5901639 0.5357143 0.6349206 0.6000000 0.5000000 0.5901639 0.4901961 0.5200000 0.5438596 0.5535714 0.5172414 0.5438596 0.5344828 0.5438596 0.5400000 0.6200000 0.5272727 0.5272727 0.0000000
