   59
gi|7353547 0.0000000 0.0000000 0.0806452 0.0806452 0.0161290 0.0806452 0.0806452 0.1290323 0.1290323 0.2258065 0.2258065 0.2419355 0.3870968 0.3870968 0.3548387 0.4354839 0.3709677 0.3709677 0.4032258 0.4838710 0.4838710 0.5322581 0.4838710 0.4677419 0.4838710 0.4838710 0.5322581 0.5322581 0.5000000 0.6290323 0.4838710 0.4677419 0.5322581 0.5322581 0.5322581 0.4516129 0.4920635 0.5322581 0.3225806 0.5483871 0.5000000 0.5483871 0.4920635 0.5806452 0.3225806 0.6935484 0.4032258 0.4677419 0.4354839 0.4354839 0.4354839 0.5483871 0.5483871 0.8870968 0.8387097 0.7419355 0.9677419 0.9677419 1.0000000
gi|4995962 0.0000000 0.0000000 0.0806452 0.0806452 0.0161290 0.0806452 0.0806452 0.1290323 0.1290323 0.2258065 0.2258065 0.2419355 0.3870968 0.3870968 0.3548387 0.4354839 0.3709677 0.3709677 0.4032258 0.4838710 0.4838710 0.5322581 0.4838710 0.4677419 0.4838710 0.4838710 0.5322581 0.5322581 0.5000000 0.6290323 0.4838710 0.4677419 0.5322581 0.5322581 0.5322581 0.4516129 0.4920635 0.5322581 0.3225806 0.5483871 0.5000000 0.5483871 0.4920635 0.5806452 0.3225806 0.6935484 0.4032258 0.4677419 0.4354839 0.4354839 0.4354839 0.5483871 0.5483871 0.8870968 0.8387097 0.7419355 0.9677419 0.9677419 1.0000000
gi|6168025 0.0806452 0.0806452 0.0000000 0.1290323 0.0967742 0.1290323 0.1129032 0.0806452 0.1290323 0.3064516 0.3064516 0.3225806 0.4516129 0.4516129 0.4193548 0.5000000 0.4354839 0.4354839 0.4677419 0.5483871 0.5483871 0.5967742 0.5483871 0.5322581 0.5483871 0.5483871 0.5967742 0.5967742 0.5000000 0.6290323 0.5483871 0.4677419 0.5967742 0.5967742 0.5967742 0.5161290 0.5555556 0.5967742 0.4032258 0.6129032 0.5000000 0.6129032 0.5555556 0.5806452 0.4032258 0.6935484 0.4838710 0.5483871 0.4516129 0.4516129 0.4516129 0.5645161 0.5645161 0.8870968 0.8548387 0.7419355 0.9677419 0.9677419 1.0000000
gi|6168024 0.0806452 0.0806452 0.1290323 0.0000000 0.0967742 0.0806452 0.1612903 0.1290323 0.0806452 0.3064516 0.3064516 0.3225806 0.4032258 0.4032258 0.3709677 0.4516129 0.3870968 0.3870968 0.4193548 0.5000000 0.5000000 0.5483871 0.5000000 0.4838710 0.5000000 0.5000000 0.5483871 0.5483871 0.5000000 0.6451613 0.5000000 0.4677419 0.5483871 0.5483871 0.5483871 0.4677419 0.5079365 0.5483871 0.4032258 0.5645161 0.5000000 0.5645161 0.5079365 0.5806452 0.4032258 0.6935484 0.4838710 0.5483871 0.5000000 0.5000000 0.5000000 0.6129032 0.6129032 0.8870968 0.8548387 0.7419355 0.9677419 0.9677419 1.0000000
gi|1578337 0.0161290 0.0161290 0.0967742 0.0967742 0.0000000 0.0967742 0.0967742 0.1451613 0.1451613 0.2131148 0.2131148 0.2295082 0.3770492 0.3770492 0.3442623 0.4262295 0.3606557 0.3606557 0.3934426 0.4754098 0.4754098 0.5245902 0.4754098 0.4590164 0.4754098 0.4754098 0.5245902 0.5245902 0.4918033 0.6229508 0.4754098 0.4590164 0.5245902 0.5245902 0.5245902 0.4426230 0.4920635 0.5245902 0.3114754 0.5409836 0.4918033 0.5409836 0.4920635 0.5737705 0.3278689 0.6885246 0.3934426 0.4590164 0.4262295 0.4262295 0.4262295 0.5409836 0.5409836 0.8852459 0.8360656 0.7377049 0.9672131 0.9672131 1.0000000
gi|6168025 0.0806452 0.0806452 0.1290323 0.0806452 0.0967742 0.0000000 0.1612903 0.0806452 0.1290323 0.3064516 0.3064516 0.3225806 0.4032258 0.4032258 0.3709677 0.4516129 0.3870968 0.3870968 0.4193548 0.5000000 0.5000000 0.5483871 0.5000000 0.4838710 0.5000000 0.5000000 0.5483871 0.5483871 0.5000000 0.6451613 0.5000000 0.4677419 0.5483871 0.5483871 0.5483871 0.4677419 0.5079365 0.5483871 0.4032258 0.5645161 0.5000000 0.5645161 0.5079365 0.5806452 0.4032258 0.6935484 0.4838710 0.5483871 0.5000000 0.5000000 0.5000000 0.6129032 0.6129032 0.8870968 0.8548387 0.7419355 0.9677419 0.9677419 1.0000000
gi|6168045 0.0806452 0.0806452 0.1129032 0.1612903 0.0967742 0.1612903 0.0000000 0.1612903 0.1612903 0.3064516 0.3064516 0.3225806 0.4677419 0.4677419 0.4354839 0.5161290 0.4516129 0.4516129 0.4838710 0.5645161 0.5645161 0.6129032 0.5645161 0.5483871 0.5645161 0.5645161 0.6129032 0.6129032 0.5161290 0.6451613 0.5645161 0.5000000 0.6129032 0.6129032 0.6129032 0.5322581 0.5714286 0.6129032 0.3870968 0.6290323 0.5322581 0.6290323 0.5714286 0.5806452 0.4032258 0.6935484 0.4838710 0.5322581 0.4354839 0.4354839 0.4354839 0.5483871 0.5483871 0.8870968 0.8387097 0.7419355 0.9677419 0.9677419 1.0000000
gi|6168046 0.1290323 0.1290323 0.0806452 0.1290323 0.1451613 0.0806452 0.1612903 0.0000000 0.1290323 0.3548387 0.3548387 0.3709677 0.4516129 0.4516129 0.4193548 0.5000000 0.4354839 0.4354839 0.4677419 0.5483871 0.5483871 0.5967742 0.5483871 0.5322581 0.5483871 0.5483871 0.5967742 0.5967742 0.5000000 0.6451613 0.5483871 0.4677419 0.5967742 0.5967742 0.5967742 0.5161290 0.5555556 0.5967742 0.4516129 0.6129032 0.5000000 0.6129032 0.5555556 0.5806452 0.4516129 0.6935484 0.5322581 0.5967742 0.5000000 0.5000000 0.5000000 0.6129032 0.6129032 0.8870968 0.8548387 0.7419355 0.9677419 0.9677419 1.0000000
gi|6168024 0.1290323 0.1290323 0.1290323 0.0806452 0.1451613 0.1290323 0.1612903 0.1290323 0.0000000 0.3548387 0.3548387 0.3709677 0.4516129 0.4516129 0.4193548 0.5000000 0.4354839 0.4354839 0.4677419 0.5483871 0.5483871 0.5967742 0.5483871 0.5322581 0.5483871 0.5483871 0.5967742 0.5967742 0.5000000 0.6451613 0.5483871 0.4677419 0.5967742 0.5967742 0.5967742 0.5161290 0.5555556 0.5967742 0.4516129 0.6129032 0.5000000 0.6129032 0.5555556 0.5806452 0.4516129 0.6935484 0.5322581 0.5967742 0.5000000 0.5000000 0.5000000 0.6129032 0.6129032 0.8870968 0.8548387 0.7419355 0.9677419 0.9677419 1.0000000
gi|4995965 0.2258065 0.2258065 0.3064516 0.3064516 0.2131148 0.3064516 0.3064516 0.3548387 0.3548387 0.0000000 0.1639344 0.0983607 0.5081967 0.4262295 0.4262295 0.5081967 0.4262295 0.4262295 0.4426230 0.5245902 0.5245902 0.5737705 0.5245902 0.4918033 0.5245902 0.5245902 0.5737705 0.5737705 0.5245902 0.6393443 0.5245902 0.5573770 0.5737705 0.5737705 0.5737705 0.4754098 0.5396825 0.5737705 0.4590164 0.5901639 0.5901639 0.5901639 0.5396825 0.7377049 0.3934426 0.8032787 0.3114754 0.3278689 0.4754098 0.4754098 0.4754098 0.5737705 0.5737705 0.9016393 0.8688525 0.7540984 0.9672131 0.9672131 1.0000000
gi|5660469 0.2258065 0.2258065 0.3064516 0.3064516 0.2131148 0.3064516 0.3064516 0.3548387 0.3548387 0.1639344 0.0000000 0.2622951 0.4918033 0.4754098 0.4590164 0.4918033 0.4754098 0.4754098 0.4426230 0.5245902 0.5245902 0.5737705 0.5245902 0.4426230 0.5245902 0.5245902 0.5737705 0.5737705 0.5409836 0.7213115 0.5245902 0.5245902 0.5737705 0.5737705 0.5737705 0.5409836 0.5396825 0.5737705 0.4590164 0.5901639 0.5573770 0.5737705 0.5396825 0.6721311 0.4754098 0.7704918 0.3934426 0.4918033 0.5245902 0.5245902 0.5573770 0.6393443 0.6393443 0.8852459 0.8852459 0.7377049 1.0000000 1.0000000 1.0000000
gi|1011529 0.2419355 0.2419355 0.3225806 0.3225806 0.2295082 0.3225806 0.3225806 0.3709677 0.3709677 0.0983607 0.2622951 0.0000000 0.4912281 0.4035088 0.4035088 0.4912281 0.4035088 0.4035088 0.4500000 0.5333333 0.5333333 0.5833333 0.5333333 0.5333333 0.5333333 0.5333333 0.5833333 0.5833333 0.5087719 0.6315789 0.5087719 0.5573770 0.5833333 0.5614035 0.5614035 0.4561404 0.5555556 0.5614035 0.4210526 0.5789474 0.5901639 0.5789474 0.5555556 0.7377049 0.3684211 0.8032787 0.3684211 0.2807018 0.4561404 0.4561404 0.4561404 0.5614035 0.5614035 0.8947368 0.8771930 0.7368421 0.9649123 0.9649123 1.0000000
gi|1386577 0.3870968 0.3870968 0.4516129 0.4032258 0.3770492 0.4032258 0.4677419 0.4516129 0.4516129 0.5081967 0.4918033 0.4912281 0.0000000 0.2456140 0.2105263 0.2982456 0.2280702 0.2280702 0.4666667 0.4833333 0.4833333 0.3833333 0.4833333 0.4666667 0.3833333 0.3833333 0.4333333 0.4333333 0.5438596 0.6315789 0.3508772 0.6393443 0.4333333 0.4035088 0.4035088 0.3157895 0.4126984 0.4035088 0.4736842 0.4035088 0.6721311 0.4736842 0.4126984 0.8032787 0.5614035 0.8852459 0.6140351 0.5614035 0.5614035 0.5614035 0.5087719 0.5438596 0.5438596 0.8245614 0.7368421 0.7192982 0.9649123 0.9649123 1.0000000
gi|4992873 0.3870968 0.3870968 0.4516129 0.4032258 0.3770492 0.4032258 0.4677419 0.4516129 0.4516129 0.4262295 0.4754098 0.4035088 0.2456140 0.0000000 0.1578947 0.2456140 0.1578947 0.1578947 0.2500000 0.3000000 0.3333333 0.3166667 0.3333333 0.4666667 0.2000000 0.2000000 0.2833333 0.2833333 0.4561404 0.5438596 0.1754386 0.6721311 0.2833333 0.2631579 0.2631579 0.2105263 0.2698413 0.3157895 0.5438596 0.2807018 0.7049180 0.3684211 0.2698413 0.8360656 0.4912281 0.8688525 0.5263158 0.5614035 0.4912281 0.4912281 0.4385965 0.5614035 0.5614035 0.7719298 0.6842105 0.7192982 0.9649123 0.9649123 1.0000000
gi|5035429 0.3548387 0.3548387 0.4193548 0.3709677 0.3442623 0.3709677 0.4354839 0.4193548 0.4193548 0.4262295 0.4590164 0.4035088 0.2105263 0.1578947 0.0000000 0.0909091 0.0909091 0.0909091 0.3833333 0.4333333 0.4666667 0.3833333 0.4333333 0.4500000 0.3000000 0.3000000 0.3833333 0.3833333 0.4363636 0.5272727 0.2631579 0.6557377 0.3833333 0.3508772 0.3272727 0.2000000 0.3333333 0.3272727 0.5090909 0.3454545 0.6885246 0.4000000 0.3333333 0.8196721 0.4545455 0.8524590 0.5090909 0.5454545 0.3928571 0.3818182 0.3818182 0.5454545 0.5454545 0.8181818 0.6727273 0.7090909 0.9636364 0.9636364 1.0000000
gi|1386580 0.4354839 0.4354839 0.5000000 0.4516129 0.4262295 0.4516129 0.5161290 0.5000000 0.5000000 0.5081967 0.4918033 0.4912281 0.2982456 0.2456140 0.0909091 0.0000000 0.1818182 0.1818182 0.3833333 0.4333333 0.4666667 0.3833333 0.4333333 0.4500000 0.3000000 0.3000000 0.3833333 0.3833333 0.4363636 0.6181818 0.2631579 0.7377049 0.3833333 0.3508772 0.3272727 0.2909091 0.3333333 0.3272727 0.6000000 0.3454545 0.7704918 0.4000000 0.3333333 0.8524590 0.5454545 0.8524590 0.6000000 0.6363636 0.4821429 0.4727273 0.4727273 0.6363636 0.6363636 0.8181818 0.6727273 0.7272727 1.0000000 1.0000000 1.0000000
gi|5035416 0.3709677 0.3709677 0.4354839 0.3870968 0.3606557 0.3870968 0.4516129 0.4354839 0.4354839 0.4262295 0.4754098 0.4035088 0.2280702 0.1578947 0.0909091 0.1818182 0.0000000 0.0545455 0.3833333 0.4333333 0.4666667 0.3833333 0.4333333 0.4666667 0.3000000 0.3000000 0.3833333 0.3833333 0.4363636 0.5185185 0.2631579 0.6721311 0.3833333 0.3508772 0.3148148 0.1698113 0.3333333 0.3018868 0.5094340 0.3333333 0.7049180 0.3773585 0.3333333 0.8360656 0.4339623 0.8688525 0.4905660 0.5283019 0.4821429 0.4727273 0.3818182 0.5454545 0.5454545 0.8113208 0.6603774 0.6603774 0.9622642 0.9622642 1.0000000
gi|5838482 0.3709677 0.3709677 0.4354839 0.3870968 0.3606557 0.3870968 0.4516129 0.4354839 0.4354839 0.4262295 0.4754098 0.4035088 0.2280702 0.1578947 0.0909091 0.1818182 0.0545455 0.0000000 0.3833333 0.4333333 0.4666667 0.3833333 0.4333333 0.4666667 0.3000000 0.3000000 0.3833333 0.3833333 0.4363636 0.5272727 0.2631579 0.6721311 0.3833333 0.3508772 0.3272727 0.2000000 0.3333333 0.3272727 0.5272727 0.3454545 0.7049180 0.4000000 0.3333333 0.8360656 0.4545455 0.8688525 0.5090909 0.5454545 0.4821429 0.4727273 0.3818182 0.5454545 0.5454545 0.8181818 0.6727273 0.6727273 0.9636364 0.9636364 1.0000000
gi|5021144 0.4032258 0.4032258 0.4677419 0.4193548 0.3934426 0.4193548 0.4838710 0.4677419 0.4677419 0.4426230 0.4426230 0.4500000 0.4666667 0.2500000 0.3833333 0.3833333 0.3833333 0.3833333 0.0000000 0.0833333 0.0833333 0.2500000 0.1166667 0.2500000 0.1166667 0.1166667 0.1666667 0.1666667 0.2833333 0.7500000 0.1333333 0.6885246 0.1666667 0.1833333 0.2333333 0.4333333 0.2222222 0.2833333 0.6666667 0.2500000 0.7213115 0.3500000 0.2222222 0.8032787 0.5333333 0.8032787 0.5666667 0.6833333 0.6166667 0.6166667 0.6166667 0.7166667 0.7166667 0.8333333 0.7166667 0.7666667 1.0000000 1.0000000 1.0000000
gi|5027183 0.4838710 0.4838710 0.5483871 0.5000000 0.4754098 0.5000000 0.5645161 0.5483871 0.5483871 0.5245902 0.5245902 0.5333333 0.4833333 0.3000000 0.4333333 0.4333333 0.4333333 0.4333333 0.0833333 0.0000000 0.1166667 0.2000000 0.0333333 0.2500000 0.1666667 0.1666667 0.1166667 0.1166667 0.3666667 0.8000000 0.1833333 0.7704918 0.1666667 0.1333333 0.1833333 0.4833333 0.2698413 0.2333333 0.6666667 0.2500000 0.8032787 0.3000000 0.2698413 0.8852459 0.6166667 0.8852459 0.6500000 0.6833333 0.6666667 0.6666667 0.6666667 0.7166667 0.7166667 0.7833333 0.6666667 0.7666667 1.0000000 1.0000000 1.0000000
gi|5053946 0.4838710 0.4838710 0.5483871 0.5000000 0.4754098 0.5000000 0.5645161 0.5483871 0.5483871 0.5245902 0.5245902 0.5333333 0.4833333 0.3333333 0.4666667 0.4666667 0.4666667 0.4666667 0.0833333 0.1166667 0.0000000 0.2833333 0.1500000 0.2833333 0.2000000 0.2000000 0.2000000 0.2000000 0.3666667 0.8333333 0.2166667 0.7377049 0.2000000 0.2166667 0.2666667 0.5166667 0.3015873 0.3166667 0.6666667 0.2666667 0.7704918 0.3833333 0.3015873 0.8524590 0.6166667 0.8524590 0.6500000 0.6833333 0.7000000 0.7000000 0.7000000 0.7166667 0.7166667 0.8333333 0.7500000 0.7666667 1.0000000 1.0000000 1.0000000
gi|1427799 0.5322581 0.5322581 0.5967742 0.5483871 0.5245902 0.5483871 0.6129032 0.5967742 0.5967742 0.5737705 0.5737705 0.5833333 0.3833333 0.3166667 0.3833333 0.3833333 0.3833333 0.3833333 0.2500000 0.2000000 0.2833333 0.0000000 0.2000000 0.3500000 0.1666667 0.1666667 0.1166667 0.0833333 0.4166667 0.7500000 0.2166667 0.8196721 0.1666667 0.1333333 0.1333333 0.4333333 0.2063492 0.1500000 0.6666667 0.2166667 0.8524590 0.2166667 0.2063492 0.9180328 0.6666667 0.9180328 0.7000000 0.6833333 0.6666667 0.6666667 0.6500000 0.7000000 0.7000000 0.7000000 0.5833333 0.7666667 1.0000000 1.0000000 1.0000000
gi|5043250 0.4838710 0.4838710 0.5483871 0.5000000 0.4754098 0.5000000 0.5645161 0.5483871 0.5483871 0.5245902 0.5245902 0.5333333 0.4833333 0.3333333 0.4333333 0.4333333 0.4333333 0.4333333 0.1166667 0.0333333 0.1500000 0.2000000 0.0000000 0.2500000 0.1666667 0.1666667 0.0833333 0.1166667 0.3666667 0.8000000 0.1833333 0.7704918 0.1666667 0.1333333 0.1833333 0.4500000 0.2698413 0.2333333 0.6666667 0.2500000 0.8032787 0.3000000 0.2698413 0.8852459 0.6166667 0.8852459 0.6500000 0.6833333 0.6666667 0.6666667 0.6666667 0.7166667 0.7166667 0.7833333 0.6666667 0.7666667 1.0000000 1.0000000 1.0000000
gi|1062516 0.4677419 0.4677419 0.5322581 0.4838710 0.4590164 0.4838710 0.5483871 0.5322581 0.5322581 0.4918033 0.4426230 0.5333333 0.4666667 0.4666667 0.4500000 0.4500000 0.4666667 0.4666667 0.2500000 0.2500000 0.2833333 0.3500000 0.2500000 0.0000000 0.3000000 0.3000000 0.3000000 0.3000000 0.4000000 0.8166667 0.3000000 0.7213115 0.2500000 0.3000000 0.3500000 0.5333333 0.3650794 0.3500000 0.6166667 0.3666667 0.7540984 0.4333333 0.3650794 0.8360656 0.6500000 0.8688525 0.6166667 0.6833333 0.6666667 0.6666667 0.7000000 0.7333333 0.7333333 0.8833333 0.7500000 0.7666667 1.0000000 1.0000000 1.0000000
gi|1381585 0.4838710 0.4838710 0.5483871 0.5000000 0.4754098 0.5000000 0.5645161 0.5483871 0.5483871 0.5245902 0.5245902 0.5333333 0.3833333 0.2000000 0.3000000 0.3000000 0.3000000 0.3000000 0.1166667 0.1666667 0.2000000 0.1666667 0.1666667 0.3000000 0.0000000 0.0000000 0.1166667 0.0833333 0.3666667 0.6666667 0.0500000 0.7704918 0.0833333 0.1333333 0.1833333 0.3500000 0.1111111 0.2333333 0.6666667 0.2000000 0.8032787 0.3000000 0.1111111 0.8688525 0.6166667 0.8688525 0.6500000 0.6833333 0.6166667 0.6166667 0.5666667 0.6833333 0.6833333 0.7833333 0.6666667 0.7666667 1.0000000 1.0000000 1.0000000
gi|4976759 0.4838710 0.4838710 0.5483871 0.5000000 0.4754098 0.5000000 0.5645161 0.5483871 0.5483871 0.5245902 0.5245902 0.5333333 0.3833333 0.2000000 0.3000000 0.3000000 0.3000000 0.3000000 0.1166667 0.1666667 0.2000000 0.1666667 0.1666667 0.3000000 0.0000000 0.0000000 0.1166667 0.0833333 0.3666667 0.6666667 0.0500000 0.7704918 0.0833333 0.1333333 0.1833333 0.3500000 0.1111111 0.2333333 0.6666667 0.2000000 0.8032787 0.3000000 0.1111111 0.8688525 0.6166667 0.8688525 0.6500000 0.6833333 0.6166667 0.6166667 0.5666667 0.6833333 0.6833333 0.7833333 0.6666667 0.7666667 1.0000000 1.0000000 1.0000000
gi|5021171 0.5322581 0.5322581 0.5967742 0.5483871 0.5245902 0.5483871 0.6129032 0.5967742 0.5967742 0.5737705 0.5737705 0.5833333 0.4333333 0.2833333 0.3833333 0.3833333 0.3833333 0.3833333 0.1666667 0.1166667 0.2000000 0.1166667 0.0833333 0.3000000 0.1166667 0.1166667 0.0000000 0.0333333 0.4166667 0.7500000 0.1333333 0.8196721 0.1166667 0.0500000 0.1000000 0.4000000 0.2222222 0.1500000 0.6666667 0.1833333 0.8524590 0.2166667 0.2222222 0.9180328 0.6666667 0.9180328 0.7000000 0.6833333 0.6666667 0.6666667 0.6500000 0.7000000 0.7000000 0.7000000 0.5833333 0.7666667 1.0000000 1.0000000 1.0000000
gi|4976778 0.5322581 0.5322581 0.5967742 0.5483871 0.5245902 0.5483871 0.6129032 0.5967742 0.5967742 0.5737705 0.5737705 0.5833333 0.4333333 0.2833333 0.3833333 0.3833333 0.3833333 0.3833333 0.1666667 0.1166667 0.2000000 0.0833333 0.1166667 0.3000000 0.0833333 0.0833333 0.0333333 0.0000000 0.4166667 0.7500000 0.1333333 0.8196721 0.0833333 0.0500000 0.1000000 0.4333333 0.1904762 0.1500000 0.6666667 0.1833333 0.8524590 0.2166667 0.1904762 0.9180328 0.6666667 0.9180328 0.7000000 0.6833333 0.6666667 0.6666667 0.6500000 0.7000000 0.7000000 0.7000000 0.5833333 0.7666667 1.0000000 1.0000000 1.0000000
gi|9391519 0.5000000 0.5000000 0.5000000 0.5000000 0.4918033 0.5000000 0.5161290 0.5000000 0.5000000 0.5245902 0.5409836 0.5087719 0.5438596 0.4561404 0.4363636 0.4363636 0.4363636 0.4363636 0.2833333 0.3666667 0.3666667 0.4166667 0.3666667 0.4000000 0.3666667 0.3666667 0.4166667 0.4166667 0.0000000 0.6727273 0.3333333 0.7213115 0.4166667 0.3859649 0.3636364 0.4909091 0.3968254 0.3636364 0.7454545 0.3818182 0.7540984 0.4545455 0.3968254 0.8196721 0.5818182 0.8196721 0.6181818 0.7454545 0.5178571 0.5090909 0.4909091 0.6181818 0.6181818 0.8909091 0.7090909 0.7636364 1.0000000 1.0000000 1.0000000
gi|1002166 0.6290323 0.6290323 0.6290323 0.6451613 0.6229508 0.6451613 0.6451613 0.6451613 0.6451613 0.6393443 0.7213115 0.6315789 0.6315789 0.5438596 0.5272727 0.6181818 0.5185185 0.5272727 0.7500000 0.8000000 0.8333333 0.7500000 0.8000000 0.8166667 0.6666667 0.6666667 0.7500000 0.7500000 0.6727273 0.0000000 0.6491228 0.7704918 0.7500000 0.7368421 0.7222222 0.5185185 0.6825397 0.7222222 0.7777778 0.7407407 0.7704918 0.7407407 0.6825397 0.9180328 0.5740741 0.9508197 0.5925926 0.7777778 0.5714286 0.5636364 0.5272727 0.6363636 0.6363636 0.9444444 0.7962963 0.9074074 0.9629630 0.9629630 1.0000000
gi|5542098 0.4838710 0.4838710 0.5483871 0.5000000 0.4754098 0.5000000 0.5645161 0.5483871 0.5483871 0.5245902 0.5245902 0.5087719 0.3508772 0.1754386 0.2631579 0.2631579 0.2631579 0.2631579 0.1333333 0.1833333 0.2166667 0.2166667 0.1833333 0.3000000 0.0500000 0.0500000 0.1333333 0.1333333 0.3333333 0.6491228 0.0000000 0.7704918 0.1333333 0.0877193 0.1403509 0.3333333 0.1587302 0.1929825 0.6491228 0.1578947 0.8032787 0.2631579 0.1587302 0.8688525 0.5964912 0.8688525 0.6315789 0.6666667 0.5964912 0.5964912 0.5438596 0.6666667 0.6666667 0.7719298 0.6491228 0.7543860 1.0000000 1.0000000 1.0000000
gi|6366656 0.4677419 0.4677419 0.4677419 0.4677419 0.4590164 0.4677419 0.5000000 0.4677419 0.4677419 0.5573770 0.5245902 0.5573770 0.6393443 0.6721311 0.6557377 0.7377049 0.6721311 0.6721311 0.6885246 0.7704918 0.7377049 0.8196721 0.7704918 0.7213115 0.7704918 0.7704918 0.8196721 0.8196721 0.7213115 0.7704918 0.7704918 0.0000000 0.8196721 0.8196721 0.8196721 0.7377049 0.7777778 0.8196721 0.6557377 0.8196721 0.4918033 0.8196721 0.7777778 0.6393443 0.6557377 0.7540984 0.6721311 0.7377049 0.7213115 0.7213115 0.7540984 0.7868852 0.7868852 0.9180328 0.9672131 0.8524590 0.9672131 0.9672131 1.0000000
gi|1062516 0.5322581 0.5322581 0.5967742 0.5483871 0.5245902 0.5483871 0.6129032 0.5967742 0.5967742 0.5737705 0.5737705 0.5833333 0.4333333 0.2833333 0.3833333 0.3833333 0.3833333 0.3833333 0.1666667 0.1666667 0.2000000 0.1666667 0.1666667 0.2500000 0.0833333 0.0833333 0.1166667 0.0833333 0.4166667 0.7500000 0.1333333 0.8196721 0.0000000 0.1333333 0.1833333 0.4333333 0.1904762 0.2333333 0.6666667 0.2000000 0.8524590 0.3000000 0.1904762 0.9180328 0.6666667 0.9180328 0.7000000 0.6833333 0.6666667 0.6666667 0.6500000 0.7000000 0.7000000 0.7833333 0.6666667 0.7666667 1.0000000 1.0000000 1.0000000
gi|3891959 0.5322581 0.5322581 0.5967742 0.5483871 0.5245902 0.5483871 0.6129032 0.5967742 0.5967742 0.5737705 0.5737705 0.5614035 0.4035088 0.2631579 0.3508772 0.3508772 0.3508772 0.3508772 0.1833333 0.1333333 0.2166667 0.1333333 0.1333333 0.3000000 0.1333333 0.1333333 0.0500000 0.0500000 0.3859649 0.7368421 0.0877193 0.8196721 0.1333333 0.0000000 0.0526316 0.4210526 0.2380952 0.1052632 0.6491228 0.1403509 0.8524590 0.1754386 0.2380952 0.9180328 0.6491228 0.9180328 0.6842105 0.6666667 0.6491228 0.6491228 0.6315789 0.6842105 0.6842105 0.6842105 0.5614035 0.7543860 1.0000000 1.0000000 1.0000000
gi|1578315 0.5322581 0.5322581 0.5967742 0.5483871 0.5245902 0.5483871 0.6129032 0.5967742 0.5967742 0.5737705 0.5737705 0.5614035 0.4035088 0.2631579 0.3272727 0.3272727 0.3148148 0.3272727 0.2333333 0.1833333 0.2666667 0.1333333 0.1833333 0.3500000 0.1833333 0.1833333 0.1000000 0.1000000 0.3636364 0.7222222 0.1403509 0.8196721 0.1833333 0.0526316 0.0000000 0.3888889 0.2539683 0.0555556 0.6296296 0.0925926 0.8524590 0.1296296 0.2539683 0.9180328 0.6296296 0.9180328 0.6666667 0.6481481 0.6428571 0.6363636 0.6181818 0.6727273 0.6727273 0.6666667 0.5370370 0.7407407 1.0000000 1.0000000 1.0000000
gi|5035417 0.4516129 0.4516129 0.5161290 0.4677419 0.4426230 0.4677419 0.5322581 0.5161290 0.5161290 0.4754098 0.5409836 0.4561404 0.3157895 0.2105263 0.2000000 0.2909091 0.1698113 0.2000000 0.4333333 0.4833333 0.5166667 0.4333333 0.4500000 0.5333333 0.3500000 0.3500000 0.4000000 0.4333333 0.4909091 0.5185185 0.3333333 0.7377049 0.4333333 0.4210526 0.3888889 0.0000000 0.3809524 0.3773585 0.5319149 0.4074074 0.7540984 0.4423077 0.3809524 0.9016393 0.3829787 0.9344262 0.4255319 0.5319149 0.5535714 0.5454545 0.4727273 0.6181818 0.6181818 0.8846154 0.6170213 0.7446809 0.9583333 0.9583333 1.0000000
gi|1009083 0.4920635 0.4920635 0.5555556 0.5079365 0.4920635 0.5079365 0.5714286 0.5555556 0.5555556 0.5396825 0.5396825 0.5555556 0.4126984 0.2698413 0.3333333 0.3333333 0.3333333 0.3333333 0.2222222 0.2698413 0.3015873 0.2063492 0.2698413 0.3650794 0.1111111 0.1111111 0.2222222 0.1904762 0.3968254 0.6825397 0.1587302 0.7777778 0.1904762 0.2380952 0.2539683 0.3809524 0.0000000 0.2698413 0.6825397 0.2698413 0.8095238 0.3333333 0.0000000 0.8730159 0.6349206 0.8730159 0.6666667 0.6984127 0.6349206 0.6349206 0.5873016 0.6984127 0.6984127 0.7936508 0.6825397 0.7777778 1.0000000 1.0000000 1.0000000
gi|1094959 0.5322581 0.5322581 0.5967742 0.5483871 0.5245902 0.5483871 0.6129032 0.5967742 0.5967742 0.5737705 0.5737705 0.5614035 0.4035088 0.3157895 0.3272727 0.3272727 0.3018868 0.3272727 0.2833333 0.2333333 0.3166667 0.1500000 0.2333333 0.3500000 0.2333333 0.2333333 0.1500000 0.1500000 0.3636364 0.7222222 0.1929825 0.8196721 0.2333333 0.1052632 0.0555556 0.3773585 0.2698413 0.0000000 0.6226415 0.1481481 0.8524590 0.1320755 0.2698413 0.9180328 0.6226415 0.9180328 0.6603774 0.6415094 0.6428571 0.6363636 0.6181818 0.6727273 0.6727273 0.6792453 0.5283019 0.7358491 1.0000000 1.0000000 1.0000000
gi|1011526 0.3225806 0.3225806 0.4032258 0.4032258 0.3114754 0.4032258 0.3870968 0.4516129 0.4516129 0.4590164 0.4590164 0.4210526 0.4736842 0.5438596 0.5090909 0.6000000 0.5094340 0.5272727 0.6666667 0.6666667 0.6666667 0.6666667 0.6666667 0.6166667 0.6666667 0.6666667 0.6666667 0.6666667 0.7454545 0.7777778 0.6491228 0.6557377 0.6666667 0.6491228 0.6296296 0.5319149 0.6825397 0.6226415 0.0000000 0.6296296 0.6885246 0.6346154 0.6825397 0.7049180 0.4883721 0.8196721 0.4883721 0.2093023 0.5178571 0.5090909 0.5454545 0.5272727 0.5272727 0.8653846 0.9534884 0.6279070 0.9583333 0.9583333 1.0000000
gi|1147936 0.5483871 0.5483871 0.6129032 0.5645161 0.5409836 0.5645161 0.6290323 0.6129032 0.6129032 0.5901639 0.5901639 0.5789474 0.4035088 0.2807018 0.3454545 0.3454545 0.3333333 0.3454545 0.2500000 0.2500000 0.2666667 0.2166667 0.2500000 0.3666667 0.2000000 0.2000000 0.1833333 0.1833333 0.3818182 0.7407407 0.1578947 0.8196721 0.2000000 0.1403509 0.0925926 0.4074074 0.2698413 0.1481481 0.6296296 0.0000000 0.8524590 0.2222222 0.2698413 0.9180328 0.6481481 0.9180328 0.6851852 0.6481481 0.6607143 0.6545455 0.6363636 0.6727273 0.6727273 0.7407407 0.6296296 0.7407407 1.0000000 1.0000000 1.0000000
gi|6366656 0.5000000 0.5000000 0.5000000 0.5000000 0.4918033 0.5000000 0.5322581 0.5000000 0.5000000 0.5901639 0.5573770 0.5901639 0.6721311 0.7049180 0.6885246 0.7704918 0.7049180 0.7049180 0.7213115 0.8032787 0.7704918 0.8524590 0.8032787 0.7540984 0.8032787 0.8032787 0.8524590 0.8524590 0.7540984 0.7704918 0.8032787 0.4918033 0.8524590 0.8524590 0.8524590 0.7540984 0.8095238 0.8524590 0.6885246 0.8524590 0.0000000 0.8524590 0.8095238 0.6721311 0.6557377 0.7868852 0.6721311 0.7704918 0.7540984 0.7540984 0.7868852 0.8196721 0.8196721 0.9508197 0.9672131 0.8852459 0.9672131 0.9672131 1.0000000
gi|1578301 0.5483871 0.5483871 0.6129032 0.5645161 0.5409836 0.5645161 0.6290323 0.6129032 0.6129032 0.5901639 0.5737705 0.5789474 0.4736842 0.3684211 0.4000000 0.4000000 0.3773585 0.4000000 0.3500000 0.3000000 0.3833333 0.2166667 0.3000000 0.4333333 0.3000000 0.3000000 0.2166667 0.2166667 0.4545455 0.7407407 0.2631579 0.8196721 0.3000000 0.1754386 0.1296296 0.4423077 0.3333333 0.1320755 0.6346154 0.2222222 0.8524590 0.0000000 0.3333333 0.9180328 0.6346154 0.9180328 0.6730769 0.6538462 0.6607143 0.6545455 0.6363636 0.6909091 0.6909091 0.6538462 0.6153846 0.7307692 1.0000000 1.0000000 1.0000000
gi|1130619 0.4920635 0.4920635 0.5555556 0.5079365 0.4920635 0.5079365 0.5714286 0.5555556 0.5555556 0.5396825 0.5396825 0.5555556 0.4126984 0.2698413 0.3333333 0.3333333 0.3333333 0.3333333 0.2222222 0.2698413 0.3015873 0.2063492 0.2698413 0.3650794 0.1111111 0.1111111 0.2222222 0.1904762 0.3968254 0.6825397 0.1587302 0.7777778 0.1904762 0.2380952 0.2539683 0.3809524 0.0000000 0.2698413 0.6825397 0.2698413 0.8095238 0.3333333 0.0000000 0.8730159 0.6349206 0.8730159 0.6666667 0.6984127 0.6349206 0.6349206 0.5873016 0.6984127 0.6984127 0.7936508 0.6825397 0.7777778 1.0000000 1.0000000 1.0000000
gi|6366656 0.5806452 0.5806452 0.5806452 0.5806452 0.5737705 0.5806452 0.5806452 0.5806452 0.5806452 0.7377049 0.6721311 0.7377049 0.8032787 0.8360656 0.8196721 0.8524590 0.8360656 0.8360656 0.8032787 0.8852459 0.8524590 0.9180328 0.8852459 0.8360656 0.8688525 0.8688525 0.9180328 0.9180328 0.8196721 0.9180328 0.8688525 0.6393443 0.9180328 0.9180328 0.9180328 0.9016393 0.8730159 0.9180328 0.7049180 0.9180328 0.6721311 0.9180328 0.8730159 0.0000000 0.8360656 0.6721311 0.8524590 0.8524590 0.8196721 0.8196721 0.8524590 0.8852459 0.8852459 0.9180328 1.0000000 0.9180328 1.0000000 1.0000000 1.0000000
gi|1011526 0.3225806 0.3225806 0.4032258 0.4032258 0.3278689 0.4032258 0.4032258 0.4516129 0.4516129 0.3934426 0.4754098 0.3684211 0.5614035 0.4912281 0.4545455 0.5454545 0.4339623 0.4545455 0.5333333 0.6166667 0.6166667 0.6666667 0.6166667 0.6500000 0.6166667 0.6166667 0.6666667 0.6666667 0.5818182 0.5740741 0.5964912 0.6557377 0.6666667 0.6491228 0.6296296 0.3829787 0.6349206 0.6226415 0.4883721 0.6481481 0.6557377 0.6346154 0.6349206 0.8360656 0.0000000 0.8688525 0.1190476 0.4761905 0.5535714 0.5454545 0.5090909 0.6545455 0.6545455 1.0000000 0.7619048 0.8333333 0.9583333 0.9583333 1.0000000
gi|3399611 0.6935484 0.6935484 0.6935484 0.6935484 0.6885246 0.6935484 0.6935484 0.6935484 0.6935484 0.8032787 0.7704918 0.8032787 0.8852459 0.8688525 0.8524590 0.8524590 0.8688525 0.8688525 0.8032787 0.8852459 0.8524590 0.9180328 0.8852459 0.8688525 0.8688525 0.8688525 0.9180328 0.9180328 0.8196721 0.9508197 0.8688525 0.7540984 0.9180328 0.9180328 0.9180328 0.9344262 0.8730159 0.9180328 0.8196721 0.9180328 0.7868852 0.9180328 0.8730159 0.6721311 0.8688525 0.0000000 0.8852459 0.9180328 0.8524590 0.8524590 0.8852459 0.9180328 0.9180328 0.9180328 1.0000000 0.9180328 1.0000000 1.0000000 1.0000000
gi|1011534 0.4032258 0.4032258 0.4838710 0.4838710 0.3934426 0.4838710 0.4838710 0.5322581 0.5322581 0.3114754 0.3934426 0.3684211 0.6140351 0.5263158 0.5090909 0.6000000 0.4905660 0.5090909 0.5666667 0.6500000 0.6500000 0.7000000 0.6500000 0.6166667 0.6500000 0.6500000 0.7000000 0.7000000 0.6181818 0.5925926 0.6315789 0.6721311 0.7000000 0.6842105 0.6666667 0.4255319 0.6666667 0.6603774 0.4883721 0.6851852 0.6721311 0.6730769 0.6666667 0.8524590 0.1190476 0.8852459 0.0000000 0.4761905 0.5714286 0.5636364 0.5636364 0.6727273 0.6727273 1.0000000 0.8095238 0.8333333 0.9583333 0.9583333 1.0000000
gi|1011534 0.4677419 0.4677419 0.5483871 0.5483871 0.4590164 0.5483871 0.5322581 0.5967742 0.5967742 0.3278689 0.4918033 0.2807018 0.5614035 0.5614035 0.5454545 0.6363636 0.5283019 0.5454545 0.6833333 0.6833333 0.6833333 0.6833333 0.6833333 0.6833333 0.6833333 0.6833333 0.6833333 0.6833333 0.7454545 0.7777778 0.6666667 0.7377049 0.6833333 0.6666667 0.6481481 0.5319149 0.6984127 0.6415094 0.2093023 0.6481481 0.7704918 0.6538462 0.6984127 0.8524590 0.4761905 0.9180328 0.4761905 0.0000000 0.5535714 0.5454545 0.5454545 0.5454545 0.5454545 0.8846154 0.9523810 0.6428571 0.9583333 0.9583333 1.0000000
gi|1188287 0.4354839 0.4354839 0.4516129 0.5000000 0.4262295 0.5000000 0.4354839 0.5000000 0.5000000 0.4754098 0.5245902 0.4561404 0.5614035 0.4912281 0.3928571 0.4821429 0.4821429 0.4821429 0.6166667 0.6666667 0.7000000 0.6666667 0.6666667 0.6666667 0.6166667 0.6166667 0.6666667 0.6666667 0.5178571 0.5714286 0.5964912 0.7213115 0.6666667 0.6491228 0.6428571 0.5535714 0.6349206 0.6428571 0.5178571 0.6607143 0.7540984 0.6607143 0.6349206 0.8196721 0.5535714 0.8524590 0.5714286 0.5535714 0.0000000 0.0535714 0.2678571 0.3392857 0.3392857 0.8750000 0.8928571 0.7142857 0.9642857 0.9642857 1.0000000
gi|1188286 0.4354839 0.4354839 0.4516129 0.5000000 0.4262295 0.5000000 0.4354839 0.5000000 0.5000000 0.4754098 0.5245902 0.4561404 0.5614035 0.4912281 0.3818182 0.4727273 0.4727273 0.4727273 0.6166667 0.6666667 0.7000000 0.6666667 0.6666667 0.6666667 0.6166667 0.6166667 0.6666667 0.6666667 0.5090909 0.5636364 0.5964912 0.7213115 0.6666667 0.6491228 0.6363636 0.5454545 0.6349206 0.6363636 0.5090909 0.6545455 0.7540984 0.6545455 0.6349206 0.8196721 0.5454545 0.8524590 0.5636364 0.5454545 0.0535714 0.0000000 0.2545455 0.2909091 0.2909091 0.8727273 0.8909091 0.7090909 0.9636364 0.9636364 1.0000000
gi|8511881 0.4354839 0.4354839 0.4516129 0.5000000 0.4262295 0.5000000 0.4354839 0.5000000 0.5000000 0.4754098 0.5573770 0.4561404 0.5087719 0.4385965 0.3818182 0.4727273 0.3818182 0.3818182 0.6166667 0.6666667 0.7000000 0.6500000 0.6666667 0.7000000 0.5666667 0.5666667 0.6500000 0.6500000 0.4909091 0.5272727 0.5438596 0.7540984 0.6500000 0.6315789 0.6181818 0.4727273 0.5873016 0.6181818 0.5454545 0.6363636 0.7868852 0.6363636 0.5873016 0.8524590 0.5090909 0.8852459 0.5636364 0.5454545 0.2678571 0.2545455 0.0000000 0.2909091 0.2909091 0.8727273 0.8545455 0.7272727 0.9636364 0.9636364 1.0000000
gi|4963623 0.5483871 0.5483871 0.5645161 0.6129032 0.5409836 0.6129032 0.5483871 0.6129032 0.6129032 0.5737705 0.6393443 0.5614035 0.5438596 0.5614035 0.5454545 0.6363636 0.5454545 0.5454545 0.7166667 0.7166667 0.7166667 0.7000000 0.7166667 0.7333333 0.6833333 0.6833333 0.7000000 0.7000000 0.6181818 0.6363636 0.6666667 0.7868852 0.7000000 0.6842105 0.6727273 0.6181818 0.6984127 0.6727273 0.5272727 0.6727273 0.8196721 0.6909091 0.6984127 0.8852459 0.6545455 0.9180328 0.6727273 0.5454545 0.3392857 0.2909091 0.2909091 0.0000000 0.0909091 0.8545455 0.9272727 0.7090909 0.9636364 0.9636364 1.0000000
gi|5035033 0.5483871 0.5483871 0.5645161 0.6129032 0.5409836 0.6129032 0.5483871 0.6129032 0.6129032 0.5737705 0.6393443 0.5614035 0.5438596 0.5614035 0.5454545 0.6363636 0.5454545 0.5454545 0.7166667 0.7166667 0.7166667 0.7000000 0.7166667 0.7333333 0.6833333 0.6833333 0.7000000 0.7000000 0.6181818 0.6363636 0.6666667 0.7868852 0.7000000 0.6842105 0.6727273 0.6181818 0.6984127 0.6727273 0.5272727 0.6727273 0.8196721 0.6909091 0.6984127 0.8852459 0.6545455 0.9180328 0.6727273 0.5454545 0.3392857 0.2909091 0.2909091 0.0909091 0.0000000 0.8545455 0.9272727 0.7090909 0.9636364 0.9636364 1.0000000
gi|1227483 0.8870968 0.8870968 0.8870968 0.8870968 0.8852459 0.8870968 0.8870968 0.8870968 0.8870968 0.9016393 0.8852459 0.8947368 0.8245614 0.7719298 0.8181818 0.8181818 0.8113208 0.8181818 0.8333333 0.7833333 0.8333333 0.7000000 0.7833333 0.8833333 0.7833333 0.7833333 0.7000000 0.7000000 0.8909091 0.9444444 0.7719298 0.9180328 0.7833333 0.6842105 0.6666667 0.8846154 0.7936508 0.6792453 0.8653846 0.7407407 0.9508197 0.6538462 0.7936508 0.9180328 1.0000000 0.9180328 1.0000000 0.8846154 0.8750000 0.8727273 0.8727273 0.8545455 0.8545455 0.0000000 0.8461538 0.8653846 1.0000000 1.0000000 1.0000000
gi|913749| 0.8387097 0.8387097 0.8548387 0.8548387 0.8360656 0.8548387 0.8387097 0.8548387 0.8548387 0.8688525 0.8852459 0.8771930 0.7368421 0.6842105 0.6727273 0.6727273 0.6603774 0.6727273 0.7166667 0.6666667 0.7500000 0.5833333 0.6666667 0.7500000 0.6666667 0.6666667 0.5833333 0.5833333 0.7090909 0.7962963 0.6491228 0.9672131 0.6666667 0.5614035 0.5370370 0.6170213 0.6825397 0.5283019 0.9534884 0.6296296 0.9672131 0.6153846 0.6825397 1.0000000 0.7619048 1.0000000 0.8095238 0.9523810 0.8928571 0.8909091 0.8545455 0.9272727 0.9272727 0.8461538 0.0000000 1.0000000 1.0000000 1.0000000 1.0000000
gi|5838477 0.7419355 0.7419355 0.7419355 0.7419355 0.7377049 0.7419355 0.7419355 0.7419355 0.7419355 0.7540984 0.7377049 0.7368421 0.7192982 0.7192982 0.7090909 0.7272727 0.6603774 0.6727273 0.7666667 0.7666667 0.7666667 0.7666667 0.7666667 0.7666667 0.7666667 0.7666667 0.7666667 0.7666667 0.7636364 0.9074074 0.7543860 0.8524590 0.7666667 0.7543860 0.7407407 0.7446809 0.7777778 0.7358491 0.6279070 0.7407407 0.8852459 0.7307692 0.7777778 0.9180328 0.8333333 0.9180328 0.8333333 0.6428571 0.7142857 0.7090909 0.7272727 0.7090909 0.7090909 0.8653846 1.0000000 0.0000000 1.0000000 1.0000000 1.0000000
gi|9280631 0.9677419 0.9677419 0.9677419 0.9677419 0.9672131 0.9677419 0.9677419 0.9677419 0.9677419 0.9672131 1.0000000 0.9649123 0.9649123 0.9649123 0.9636364 1.0000000 0.9622642 0.9636364 1.0000000 1.0000000 1.0000000 1.0000000 1.0000000 1.0000000 1.0000000 1.0000000 1.0000000 1.0000000 1.0000000 0.9629630 1.0000000 0.9672131 1.0000000 1.0000000 1.0000000 0.9583333 1.0000000 1.0000000 0.9583333 1.0000000 0.9672131 1.0000000 1.0000000 1.0000000 0.9583333 1.0000000 0.9583333 0.9583333 0.9642857 0.9636364 0.9636364 0.9636364 0.9636364 1.0000000 1.0000000 1.0000000 0.0000000 0.0000000 1.0000000
gi|9280807 0.9677419 0.9677419 0.9677419 0.9677419 0.9672131 0.9677419 0.9677419 0.9677419 0.9677419 0.9672131 1.0000000 0.9649123 0.9649123 0.9649123 0.9636364 1.0000000 0.9622642 0.9636364 1.0000000 1.0000000 1.0000000 1.0000000 1.0000000 1.0000000 1.0000000 1.0000000 1.0000000 1.0000000 1.0000000 0.9629630 1.0000000 0.9672131 1.0000000 1.0000000 1.0000000 0.9583333 1.0000000 1.0000000 0.9583333 1.0000000 0.9672131 1.0000000 1.0000000 1.0000000 0.9583333 1.0000000 0.9583333 0.9583333 0.9642857 0.9636364 0.9636364 0.9636364 0.9636364 1.0000000 1.0000000 1.0000000 0.0000000 0.0000000 1.0000000
gi|1176623 1.0000000 1.0000000 1.0000000 1.0000000 1.0000000 1.0000000 1.0000000 1.0000000 1.0000000 1.0000000 1.0000000 1.0000000 1.0000000 1.0000000 1.0000000 1.0000000 1.0000000 1.0000000 1.0000000 1.0000000 1.0000000 1.0000000 1.0000000 1.0000000 1.0000000 1.0000000 1.0000000 1.0000000 1.0000000 1.0000000 1.0000000 1.0000000 1.0000000 1.0000000 1.0000000 1.0000000 1.0000000 1.0000000 1.0000000 1.0000000 1.0000000 1.0000000 1.0000000 1.0000000 1.0000000 1.0000000 1.0000000 1.0000000 1.0000000 1.0000000 1.0000000 1.0000000 1.0000000 1.0000000 1.0000000 1.0000000 1.0000000 1.0000000 0.0000000
